119701078
115122720
116064213
27011643
22905226
107686994
27234771
118144653
23632880
22669905
118371098
111875311
23466768
57994768
93638283
30727305
116754641
116525947
94832363
98926864
125643523
129837933
118144607
59221309
126605602
58819505
25226804
101995270
59415137
97948668
29872245
81906193
90217647
59221281
23334539
59221154
110796889
131476134
134430502
111159565
111763845
78826077
27234782
114527903
30230026
128602204
24098571
115726411
107686939
78416334
26715706
124899730
130263795
108516659
121778328
102539861
114656211
121894154
135027503
26841505
118370585
111995473
118144824
136597557
116398879
58201121
118371101
80938723
29868471
120376247
107139248
79600746
91942880
78826195
126920167
58633839
59415211
114179408
108642550
82473959
23120677
115848015
118369003
25607182
30413035
110068147
131393094
24608910
118368764
112989351
109178507
58201116
118258859
24742521
106456405
23120872
112253331
115237176
106456469
25226803
131393091
22514883
58404020
111875792
118256262
59037835
115023211
83663870
24256588
27691675
58633150
112864288
104888957
130395334
26841434
84256748
78036846
129617049
134928998
123657901
122444273
111763033
29872246
115236918
110796955
122444302
119701293
122013203
24608916
108113026
26715700
79600806
77235113
27011775
57791063
123448092
118145110
111763210
80365810
112739244
29347725
29519681
136500537
111875698
94425761
104707242
108641841
27406896
123947039
118259400
132625888
108642105
106456474
24742520
111875804
93054731
23632728
114179410
134628683
22669906
24098567
133871091
111875869
79979407
90395812
118258683
105261180
104707073
117239678
77632766
109052792
119580559
118258831
109555448
115121699
130395279
111529291
107278233
111763224
92294792
58404131
83869001
114780965
106572534
101612340
103922121
107826286
30230306
87614867
109814905
103922084
113110836
30727304
103727457
131687781
82473952
76421528
59037944
134829732
23466759
59039855
123548313
114901604
30413033
110910486
110796943
23120868
115598877
127905103
84660726
29519686
124244779
106572323
116526021
97391479
24099186
130071539
80938660
23464437
101045286
24462113
135624891
122236675
111529324
104888662
59038549
105623728
22732152
30230315
78250470
29675236
30229945
59862526
115023133
123747300
119580968
79600807
111763566
102539860
134539498
132702410
103354573
116174530
23464432
79013414
78623683
24608911
78416326
116290142
125987486
117238730
23464438
118255290
109943409
117909949
23119254
58819384
112864531
128182509
107686820
103155930
98537362
111763513
59639064
104514343
110796840
22732155
29674941
112618531
108516901
23765873
107550811
119701082
106456427
107829451
108641842
25607184
79600808
30230078
103544067
23938293
27406900
58200974
115122674
24256310
107826285
58200972
82881176
132118439
112864530
111875124
109298809
23632525
59639039
113474857
118145090
58404207
124450673
103727492
25434186
117239299
135624892
57994770
90998723
78416382
24256591
133775365
111763153
110067915
122345963
91943018
110910542
130263796
26562657
23464431
22147141
112864444
117582720
111044490
104888956
110293917
121659568
118370929
116874144
59415210
127227434
29872634
23054115
112737940
133672368
23054331
120254706
111278511
24256590
119701143
99330999
124132936
79979228
26562647
59639127
84055929
112376831
81102214
114656052
110293795
115944104
115847884
131296829
128482318
115944214
107139471
104303025
93054734
78826126
78416383
23765868
59863217
110671147
130586317
25607194
23120672
78036851
121544536
59221311
27235067
105446230
130263797
124033475
108242729
107549395
80160137
24099203
109943844
22669911
121894416
114780932
124671323
30230161
77436795
102948169
78623685
77235018
113234906
101419268
30230028
22514888
59862749
77632767
89000431
106572504
26562648
91942863
111875908
59639241
102948503
110068439
82473877
115847885
80760075
132208697
59639037
58201125
108516844
118369892
103921998
111763844
130998445
118259184
118144746
78036845
29674604
117678359
79979311
120491540
109054798
111875222
103921965
133465758
79783715
23054338
29868469
29869773
99126837
125757178
81317398
122013152
23466767
23464560
78250471
25607204
133195835
83460839
58404240
29872627
23765711
118145088
106572505
78250473
135027505
116525963
59037949
135720700
107957072
115599312
136500541
105790403
95429127
116174566
23119247
118258881
134335677
21577191
80760118
59639125
108376713
111763052
136206717
78623687
132702414
112376765
82881265
117351606
95429128
119580560
95834049
25434184
82881264
106182235
25434187
88814100
114902407
107686876
133871143
24889831
103543869
115847871
29872628
59039695
116874196
95619040
123548306
108515624
90793044
115121708
117239351
58633151
58819501
25607207
29519551
25607378
110796843
29872249
98112887
132806354
106724864
22282299
22514882
105261131
133558105
23632936
84055940
77235110
111764054
105623722
29872631
26091829
25607508
115726744
135139025
108112926
94012869
123047301
81317427
111641482
136693655
27234784
29519675
120491539
135625000
133775395
118370966
78416332
23938287
127425679
134335736
27235066
113111260
111763789
132625893
23632622
110068248
116398877
92294786
26261005
22282360
29674939
27235074
29675238
30230528
110066044
123047394
109052789
24608908
59863165
26841508
30558855
24889829
131107126
78826816
124671350
23632879
128836242
103543764
106724862
126403539
116754448
59038202
115597970
29347721
125020385
135625060
123046993
23765867
125757181
106325798
115476918
22514889
79013412
116064214
23765695
133043360
125020384
115023062
127802980
27406890
29519684
59639063
116398780
125136955
112129316
23464436
110910485
127227435
118259081
118259706
100081246
85443571
22732169
30727480
111763011
23054335
122444272
116755230
113944939
109555587
106572568
78416329
21702120
29519169
30059922
30413037
22732156
115726751
25607197
90998724
114899847
104106296
118369887
106572454
118368923
111763054
128482293
111875909
25434190
85073884
134430667
80938722
133672389
59038203
25434189
82088230
113814897
27011644
116290157
114656051
29674936
108376589
97205385
111529439
119703213
107139474
111529341
29519232
29519548
59862670
115847868
98339857
118369274
106326236
112863993
109054799
122236456
132208650
91584323
116398894
108516887
59038198
134722022
90793042
106724968
107828204
102748569
82473870
107829222
103922000
114656210
111763370
91398756
29868472
123046992
135523260
120609285
25607372
109555205
82088128
118258739
127322900
111875168
112737939
134928997
86646710
88623372
87614864
118258880
119816900
29674938
26562417
117240404
96239589
109815034
135624849
111409296
93196132
111875910
22669908
23632624
115726238
96636922
123947107
92662263
83460842
80760119
89196801
121894418
79394345
29872398
120609283
136005606
115023159
26562488
113814825
110796942
112130455
103543871
23466756
116398817
108113760
129037684
110560214
111044517
123844446
120039759
27406898
22514880
115122618
84256743
26562414
127322899
104106297
29348007
111875144
29348009
118846872
29868475
118144605
111875697
122925799
118144795
132625847
123349884
82473874
128715604
87234893
59037834
112376739
23938296
111529375
59038197
112129227
135440228
133385434
114285809
112864529
118258798
116174858
115236916
114781073
77235116
124033478
115847981
30059919
27011642
107550440
105790543
111408918
105631897
105627673
94233213
108112927
23632466
59038316
121778327
116526083
30230530
92855016
110293799
78623784
30230155
111408746
131393017
125533121
105083964
107550439
126486799
79783811
103544011
108641434
81317391
86426801
24889828
108376590
118371394
119580969
23466760
25607206
103354032
82473871
111159629
116174484
59862525
132966786
112494615
110065614
107007389
135242094
103544012
89000503
119933646
83663888
76422056
23632881
124037785
58819477
123149938
119107589
30558605
127125348
115023212
118259028
77235114
98112889
76421366
25607198
109052896
104707096
115848067
27234787
23632621
109427602
108641024
76826397
24256589
107828504
118369484
119703207
107411079
113815010
83075190
105627674
97391473
110910539
59037943
134928968
126486800
30230533
24742526
133775364
22147140
124132935
131476132
111763395
109676389
82301773
115122619
133672388
114778448
115943969
112376853
24742523
112253011
115726746
131393075
108113190
111763447
131393018
59039854
23464433
135823602
59220077
117582244
136693670
22147142
110796890
106182695
123947173
135523261
97948670
78036848
119580557
108376714
101995267
26562651
103726833
134138490
125439262
58404326
134722020
100081248
128838650
58404241
118144796
109052893
112129228
22514881
27861268
30413032
123947043
124671322
112253332
133465808
116754476
122236454
111763788
113945187
107829446
111763068
120609288
77235017
115726754
89000430
25435016
92662266
78623783
103726831
24889830
117239102
86250532
25607199
106724863
106862016
25607507
83663869
132625924
100678155
118144827
94233214
97543299
119221909
124357954
134042807
118144510
96636923
59862694
124555785
108376755
117240097
111763624
25435005
112493673
132966773
24257252
59039696
106023648
29869777
30230084
108376702
134430668
105790515
23632725
112129474
111875121
111408916
79600809
118258830
114778496
113700151
115475855
135242130
111529443
109178506
130586329
25227058
123246316
107278189
30229953
115023063
105790463
22023271
107139101
23632727
111763798
108376754
115122700
103354031
108516658
110068146
101808418
78250472
120147826
109943408
135242095
112129318
111762985
118369602
24256313
107007580
106456324
104302759
27235069
24256315
59415208
129037637
124036578
111875654
97750736
136005608
122925797
88221178
110434576
27406893
89000338
25434197
114778447
126818922
26091847
110065392
128482292
115122676
111875912
114902408
106724969
122925796
135903651
58201127
107829029
107549064
127022196
23054120
59639238
23334537
110910488
105083921
106572455
59221155
116754477
81317393
133558103
104707105
127905102
116290082
107549058
93841196
24742524
116874893
111763822
113475719
103156443
118258741
115726239
30230309
133465807
115847895
81317426
24099187
118718508
30229957
104888959
107957045
134928967
107139102
25607202
23120870
115122541
104888960
82473873
122123966
79600944
132294157
100870883
117582046
29869766
116174483
123448090
111995269
29519781
129498245
23938294
108641840
112129319
115354624
115847737
96994975
29872154
78036772
107957109
111995451
23466770
26841507
115847952
115354788
79600745
59639237
108796235
107278161
132806311
117581842
114902443
111763012
78623682
132625885
111995450
121434739
133871090
29674527
106862004
133558086
132625925
59037848
25607375
29347726
58633840
114404057
82301849
81706795
127570262
111763991
97948667
59038379
57994884
116063795
124801613
116997520
112737938
22905221
112864286
25746346
111763514
27011774
116290143
91398757
118977758
110796772
59639270
113110834
115597971
108641839
57790544
134829737
114901605
120718163
120039844
30229951
105631809
116874143
79394385
119221908
132894444
111763797
132208651
111763032
100870879
99126844
124244743
111875745
112493462
100678153
81102215
59638744
30229959
105631843
118030240
21883725
59221282
100487946
21577189
30727312
111044324
117582243
134238148
110560208
115023132
128078628
107412133
113111258
136693659
89196796
23466761
103727158
132118383
103354056
58819716
131476135
30558853
95025055
133465757
116173982
27234768
59862693
116174585
26562418
107826287
134539493
133287944
25607188
30230029
94012871
25435023
131687786
123046995
85651347
23464564
26091839
116174569
125643524
113475727
59863219
27235076
78826720
24257255
134722138
107551181
26715704
30727482
129498270
110178198
117909086
118259767
57790547
104514340
116398824
133043343
102192078
113110743
120491365
134335701
118367376
26091837
116290168
106326015
22905228
58819706
29519689
94425759
128182510
29869765
111763446
30230079
111763154
98112890
88623374
29872632
124555684
94012870
112864478
134430555
115354625
78250517
77038203
23120675
106182696
77632772
59862527
59038052
22022870
111278510
58404328
59221089
111763051
108242736
131903304
107278277
136597515
24742517
107686923
133775396
108113759
96636921
22905225
117581901
77810223
133043342
29519171
79783812
115848068
27234779
80760120
110434577
118369122
24256311
22282362
59415139
103727154
24608907
29519677
118369605
103727145
30230156
122562084
106862003
115122586
136206716
84471408
121775850
112864443
100081247
80160138
105790401
91768797
24099184
29674940
29347723
107686819
111995455
112864465
108642099
116174538
111529234
126920168
97750737
60073437
126294372
112129231
118370604
125245604
118369604
129037685
117582352
115122727
129141627
107550808
27011773
58819705
58819639
111875793
106862017
125136954
77632768
101045325
116639169
103726836
95619041
116525983
108516660
96026395
135823600
111875145
87819542
103544009
108376552
23632535
111409297
114780933
29872633
30230083
111995452
124357955
131788411
115122693
105083920
24257250
23765872
126294371
118259147
107410918
124033650
26402918
57790539
119701246
118371395
118145277
22514885
105446209
116997519
30059923
115726412
115726241
108917904
132806312
128836246
103354057
82088135
79394429
78416331
107278278
118367292
106326014
131995835
125020444
26715701
112737943
136693671
96026396
29872395
114902527
30229960
23466765
123947170
30727307
122123903
123947234
109815032
109555204
95025059
81510908
112737330
23119252
107410664
88623375
29872394
26261006
116174539
29348004
23334542
111763992
26091838
59639162
111159626
127425681
30558593
116755229
26091836
107686845
112737324
30230158
131107461
86646708
23466764
29348008
87424147
30230090
26562416
115476915
59862668
112130466
132966774
115236917
23120681
78416328
115023270
25607367
129969581
103543763
27234772
82689382
110067569
112864382
30230030
24608914
111875220
29674933
25607201
116639170
112864381
23120869
107278160
26562415
130490914
110910537
27691678
107686922
59221191
26562487
135903655
25226802
59038380
108113947
59037844
126818920
107826289
121191435
97543294
134335674
116063794
29869768
125347460
111763156
121191473
111408603
57994881
124036579
118370035
128280738
91398761
107829030
57791062
107278235
112864480
119816901
103543950
22147143
24742522
119933798
109676387
111995240
104514342
114902444
111763625
106326235
59220078
115848126
107828924
136101173
111763582
111763422
59862748
27551204
101232964
118484913
92116677
132625886
111762955
83075189
118259083
59638745
116169889
116754495
110293915
58201119
115598118
23053328
120147827
108515241
85073883
78036849
22023275
59639065
27234783
111044518
107278185
79783712
125757179
24098572
59638742
108514793
29519673
123047300
132424841
113700187
110068438
82689385
118259567
116398818
106572535
128280736
23464439
116525982
83663887
59415135
114781012
116874894
59862692
134238149
135625084
111875653
90002381
89000506
79394428
77235112
113234717
129376036
118255292
103544070
118258765
85851374
59639269
131995834
117238723
59221189
23765720
116754447
22023280
116398868
111159536
22514886
130780489
77235111
114064453
111763397
107957044
27235070
29674928
90582984
120609284
115122519
120718162
26562485
25607195
111764053
27406892
113945188
88814097
112493463
115237502
59863155
30230022
107826288
23120678
134430554
118144748
111763944
105261239
116398927
116398851
25607373
112739242
30558854
30229946
23466771
132625920
107828507
25081544
132504401
23119250
127570259
111995180
22022871
132625892
131687784
125987484
103544068
24257253
111409111
123046996
57994882
27406909
106182431
105261130
118144654
23632626
115023244
110796841
112129229
27551206
134043039
107686993
23765694
125533122
106182236
107139473
118371131
22023274
98537336
112130801
117909948
132118394
116398826
79600982
110065391
84471409
132118384
118370648
109427716
107412131
111995472
92116676
111875746
123046994
117678766
111763585
29868474
25435004
107687013
122805688
115847950
114528096
29519672
121894541
117239677
108795993
118259643
121296004
117351608
111529374
57790381
111762988
112737367
107410782
84856224
107957054
113234703
107828925
79783810
118258763
30230081
112253009
113700152
90002380
27235072
29869769
29674956
88221179
59863218
91943019
104707244
81317425
121069155
23632465
122013204
116754494
107957110
107139502
22669909
23632934
92475299
59039856
136597556
130071540
121191892
123349875
107278232
118144509
132294156
96636927
114285808
25607510
23632370
118370034
114780967
29868470
120376489
85271269
133385433
124801614
59220021
77436793
23632619
111159533
117677987
126193011
118259027
106456323
110066049
23119249
123047041
30727303
79600943
131296830
119335414
118144678
124555786
121894157
29519546
126605603
84856203
30413031
118259766
113814895
129734719
120835412
117351802
59039619
85851377
78826818
57790389
115122542
114527961
78036775
59639059
59863159
122123965
103543577
124801645
118258564
30230080
27406889
107829445
29869903
127322892
78826821
108376704
76422052
110796794
59221251
78416330
111762950
118258858
85851376
59038032
91584324
118258563
131903365
118259148
111763069
86426789
27011772
117790962
108242691
24256309
23632726
134138797
121894542
109178533
122924388
110293856
78826721
24099183
27234785
29869767
59862698
22669910
112253283
100870882
79600729
59639193
27406906
130395280
29674726
29519170
105790542
79979230
132294124
114404058
27234775
58404019
97205384
122924392
79013415
132504400
134238188
118371133
58403841
110796845
97750734
24099189
116997707
111763568
127125347
77436794
107550438
30558849
110796891
111995327
59862697
59038207
118369606
21577190
105446231
79979227
23466758
23632937
121778173
122013153
136101168
25607369
58404130
87614863
24462111
120254708
23120867
115476917
104707245
118367375
124801647
127568813
97750735
23053330
24098573
109814904
133962514
25607180
27011777
58633147
123747301
135624998
88419679
108376737
112376790
95834047
98926866
104302758
25607371
115122520
30230027
116525938
119454949
110178200
23632368
117239352
108376563
108917836
23632367
134043043
124244742
78826160
129837946
121191472
29347620
135331048
111762951
87424146
82301771
132625919
79013413
77235020
59038378
120039760
135624775
23054336
118369276
80160140
116398867
88419677
107957073
105631896
22282298
80569312
114179406
114781072
111278294
81317432
108516661
117581900
112737887
114899848
105446147
108113024
104514447
92116675
126083209
121191893
115122540
111762993
98339856
127322921
79783717
24256314
108376564
24256594
78826747
25227057
29519176
134138491
132294127
93841193
94627259
23632366
78826814
107139249
120835413
112618530
132966787
112864479
101808421
105446210
84055941
23119248
24608918
27691676
59221250
125347398
134628682
118145198
23120674
58819569
107006998
105790464
129734718
119933968
27551208
118258990
57790657
22282363
112131286
30230531
129969580
80938721
88017907
29519685
116174857
111875312
23119246
86426790
30558856
136597514
24099185
111763369
119701144
131107462
108796238
110178512
59037846
103544069
107007155
110796844
83869003
133672336
104888657
104514341
121296003
29519683
29674729
59220948
131393050
124899868
134722137
119580491
118370650
103156442
29872630
59039853
22905227
23632464
108516886
123149941
78250469
112737937
82473869
23054118
118259185
122444304
131393074
30230085
25435014
132894426
115023160
86041449
110796793
106182432
91768798
80160136
59038030
127980567
106023647
29347720
117677986
112129230
110067903
111763053
107410921
117678765
29347616
111408735
128836240
26091856
131788361
113814822
118367293
115599304
59862696
111529474
22732077
130998438
111529233
107686921
114528095
22732079
123047393
59863216
116290083
59038548
122925798
90395816
125439263
29674930
58633838
132625887
25227059
29519676
24098576
129734738
110796775
81510905
24256312
135331049
59037838
131296835
23334536
22282300
29872396
111763946
110560213
23632372
127322891
109676227
29519234
26841435
105261178
26091825
115944100
107007153
26562646
124899712
23119253
104888658
109555586
25435022
115237503
104302762
111763222
127022197
135624950
58404023
128384181
115122539
76422055
21883726
111044234
78826745
103922122
135523229
59038321
91196031
77235115
122123601
111875870
116526085
122568900
123844447
119701294
29674728
116526023
108641654
58819315
110067571
78623684
58202168
112864527
29675239
27234774
124244784
111763152
24889832
103543581
96239592
132118395
134430557
107278206
130678463
82473872
110068247
79600643
30921491
29674727
108113945
111278295
82301850
23765871
30230031
134431068
125020614
126715909
111875169
24742518
100081245
23632623
102377363
116174598
24099188
59221390
126193012
21883728
115122543
22732076
116754642
77436796
103727147
118145278
115847893
108516900
29519691
114179411
118259644
116173981
115848125
26402915
78826817
96433083
78250478
29674725
93196133
118259399
116997713
103922054
108917864
124899711
106862020
118259741
59038547
131393093
24257251
114898301
112737941
118484914
96239591
108515623
115237174
78826815
122444342
26261010
128482319
59220947
136500533
125020615
78826078
112376830
59038204
23765713
118369002
122123904
88017908
23466766
85851375
58404018
81906194
98112888
104707103
118258799
132118381
109815173
86250534
136101167
107550441
89000343
100487943
23053329
107686877
132208654
22023272
30230304
115122584
22514877
58819475
135440227
111995181
79600981
25607187
23466757
23938292
24256592
60073438
120948616
124555687
25607368
79979308
117791617
58633149
29519165
130395374
132208653
136398265
126294377
27551205
29519692
127980566
76421531
125347461
117118503
105446146
30727314
131393051
85651345
58201340
125136982
59639240
105261177
27861270
135331053
132625850
106862015
83266326
113111259
102377364
22669902
30413039
119335412
105446105
117582353
27235068
79979235
24256593
105790514
29872254
125533288
111529342
112376766
29674931
114064435
130490915
109555450
76421530
23938295
136101171
78623681
107139475
23466762
108641025
94627252
117790963
93638284
113234905
59639166
111763834
134335737
128602205
132894443
111408601
134431069
22732075
27011776
105631842
25435018
103354443
30230300
90582988
89000339
30230023
24608917
133672335
134539496
79394387
105261238
30229947
25081543
115847933
133672367
22147145
131903303
22732165
24608915
111763086
110065615
112737370
108642551
128836239
58819389
122568901
115847980
116290156
124033648
117582721
122444339
115944103
111763835
30558850
30230024
114781013
26562656
111995453
107410663
118718507
76421368
123657900
103922083
22669907
117351801
25081546
128384180
118369001
57994885
26562655
129376037
122345948
109943682
89000337
80938772
24462114
116525948
110671149
24742519
136398266
30558607
120039848
110434626
100487944
104707243
118258989
112737885
111409109
107826284
107549394
111529323
117582034
133195839
23765709
127322924
136597527
124555686
117909085
27861269
29872626
106572322
110178509
58201609
84256741
93841192
80938661
22282297
88017906
135903656
111763085
129837934
125643522
29872255
59038051
24889840
112494617
92294790
107278234
131393090
84660725
30230025
134539494
58404021
86846443
59037836
24608909
79783714
78036847
103544071
118977759
59639192
130998446
108113189
29519687
102192079
25746344
131296834
30413034
108113655
80760073
58201117
127718809
105631807
29868476
86041450
76421532
23119251
127716311
116398781
22732154
59039618
111044496
113700185
131788359
23466763
129734735
129037638
113814820
30230087
110910536
29872629
100678154
108376553
78826158
133195836
78623688
115475856
86646711
59863156
76422051
111529365
133558085
119454951
129498246
121659567
119933967
116526022
96994973
107957043
135625062
58819715
134430501
92294783
23632620
115122583
23464556
118259705
111529364
111995268
116290167
126403540
59221310
59221389
25607374
29347722
113474856
123246317
77810224
59039694
22023277
135624951
127716309
23464435
117239103
107687033
115943968
29347840
117239373
111044468
118370584
58202169
130071589
134138799
113700153
111762994
30558848
116525939
112864290
103543951
77235025
78416333
29674932
120376488
25227056
29675237
118369123
80760121
82301770
114527900
79600728
122236676
102948168
78826197
115122538
91398759
105446108
26562421
122562083
59638743
124450674
26562422
135331047
126715910
29348014
118370919
23120680
116525962
112493671
90217646
26261014
59038320
30230159
96433082
79600644
135331050
119701240
87234891
112989274
57790538
118368757
111044467
111641481
107549062
118259740
92475298
58819316
79979312
105083963
110796888
111995344
59415134
132806355
24256587
118258682
24099207
111995456
117467037
118144711
25081545
116398852
110293916
106724865
135903650
107957055
81317394
134238179
92855022
29519690
104302757
116169888
118144682
113815011
29347727
82881177
23464559
135523227
101995268
120612666
29347613
122805687
81102213
94832361
30727306
27691674
107007390
115726750
78250518
136500538
30229958
22023270
115848043
112253282
115354790
109298808
92116674
122345947
59038319
131476133
108242690
25607509
116174531
23632536
77632769
24098568
127802983
115944105
115726240
112130802
59037833
117239282
132894427
109676226
23765712
59221090
126294378
30230303
29674934
108242436
116398928
112376791
58633148
124671351
127425822
59639163
114064431
101612339
30229955
119933647
129498271
118369890
108514794
109178532
124899867
112864253
104707072
123149939
115847738
29872155
132208696
21569895
29519682
93841194
30558851
30727484
111159568
110910538
23632882
106456406
76421527
115122585
117240098
110293857
123047040
88017905
59039617
104707106
132424843
132118436
102748568
135624850
134043038
103726832
29674929
125757180
117791621
107551180
129617048
96239590
82301772
118369485
135720699
119580492
121434745
114902528
108113654
88814101
129141658
130071590
127425823
27861271
114285806
136597528
128715603
29225310
59862669
114285807
115847934
96798636
112376850
83266327
79394346
135624776
78036774
57790537
108515240
82088229
110910540
133043361
58403845
117581841
22022872
59415138
58404206
103921964
115726749
76422053
58633841
81102216
113700150
22732153
105623721
106456428
29674524
118369891
106725107
84256742
24462110
58819638
116290140
112129226
112131287
112989352
23632533
114778497
125136983
27551210
29519547
121544535
136500544
128836243
107829449
76826525
23765878
24256316
99331000
21702116
109555449
29347614
83460841
27011645
107278205
104888655
134042808
23464430
30230032
23054119
132118382
76421367
121775849
111875805
131687782
107411077
107410781
111529288
103544013
103354441
104514345
120612665
29674603
23765875
111763423
100487945
103155929
120948617
22282361
114527960
135624980
135139024
84256746
113234706
122345964
107139472
116874195
120491366
117467040
59037948
118593391
134238178
86846460
110434623
89196798
115476916
110560207
123947235
23054117
112864043
23334538
24098578
118144710
79394348
121191871
109943681
112864481
23765706
59639161
57790656
26841438
112864255
118370583
112864289
79979231
131107127
108917835
30230302
118846871
116398895
27691677
23054116
124033649
109815172
110796953
129141628
25434183
108917865
23334535
118593390
76826185
29519778
24742525
135625085
106325799
29225308
106725106
25746345
115122692
118368922
115598115
103544066
23464443
125347400
29869772
135624979
118145199
113234702
112129232
87819527
79394344
23632534
110910487
86846446
108641433
111763209
117239372
77038205
23632935
115598878
25434185
115848042
108242435
59038551
113110744
81706794
29519694
111529340
130395333
116290139
114898300
26562486
81510907
127322922
111529475
104514344
103726838
103727491
58404327
23765874
119933799
107007581
131393092
57790542
130395375
109943843
127718811
106572567
125533289
96798635
91196029
26562645
59220016
29348006
113700128
115122699
123149940
108516841
134043045
108641652
105623723
118370990
79783716
25435020
133195838
58403842
29348013
111762949
121778174
115023269
80569313
21577194
109427717
58201339
101995269
80938720
112376737
108917903
87234894
113944936
123947110
118259566
26841509
79783808
129141653
118256261
86846459
58404022
107829223
130263793
85443570
125245605
115236915
79013411
108376736
104303026
86646709
112129476
82473876
135331054
107549059
22022887
121191872
126193013
104514448
77235121
107828203
58201118
109427603
24098574
111763821
60073435
78623686
112863992
117118502
118030239
22282296
135242129
59039698
133962513
130780491
88623371
58201608
112989297
128078627
29347841
101419269
130998439
128838648
117678361
134238186
105261179
84055937
93054744
29519168
119580558
80760074
87234892
78826127
103726837
134335700
59415212
25435010
79013417
30230160
115848016
108795994
107006997
116526020
88814098
121069156
117240405
103922055
121191434
124133100
102948504
94012873
129837949
107686844
133871142
125987485
114064444
21702115
118145111
25435019
120376246
60073436
76422057
134430559
97948666
103727458
113586734
119107588
124033476
29868468
21577202
25226805
30059920
79979233
29347839
30727301
58819567
29869906
83460840
130678462
110796895
29869902
21577185
122123597
