134430557
114064435
64680228
10370783
80160137
111763032
10293266
108376564
7384916
16347497
96636921
18533288
29519681
62237959
103544012
10958466
74380590
15760066
29347721
16704233
51589766
76420992
37911507
52821397
16337280
74750978
101612340
111408916
130586329
26562418
14715874
14442253
16186061
55542367
107829029
10468662
18138567
87614864
19945310
15774920
15760033
10591424
10516578
11163820
17295652
118370604
121191472
59863156
11688008
16337290
128836246
17996407
46372679
76421791
17295650
104707073
24256316
111763086
16077069
28861787
114527961
56385444
130899749
72035681
34891947
104106297
55542365
18260574
75010081
69580759
72678855
57596650
133558105
56786858
83869001
16828408
78826077
12759908
11333925
68526964
29674930
136398266
132894444
115122584
76826525
108795993
74110387
32409076
63298140
98112888
53639637
134431068
59862692
37911503
22514877
62700884
19312260
16703711
34531331
117239282
45814116
18427391
16703760
110560214
21333956
29869769
47713294
70835901
51377804
124244742
136597556
18225502
11163841
111762949
51999396
23120681
50965857
42736867
89000343
35247990
31908633
23632726
15026657
32593324
38286332
118259706
33112758
90002380
43927460
56786857
70194174
108242736
10518890
75628696
71856790
130998501
86846460
112129476
67074485
18675875
15025927
29519685
106325798
35247984
72864573
45813106
50333066
30230315
121191871
103726832
107957054
107686923
111995268
77436795
46894396
52821395
11489041
17723127
14321307
9663775
111995240
61226885
107549394
110796888
75854400
23632525
50505742
15024481
114780965
79013417
23765712
128602205
18425063
134722020
18225504
63115020
72035683
34011451
17143338
104888959
10370758
57994882
74110383
20752672
56185610
10862599
125245605
11976499
48696648
11780964
17836521
43260864
9935811
23632466
113111258
66007847
118369276
54606050
44909683
78416329
133672389
18829325
42870745
51377807
21436235
10322353
116063794
65580575
19340334
16337293
55187331
48218412
133195839
54345117
12496416
64893915
71471715
62700785
39021004
35531668
12497713
50097554
74110386
105623723
11486605
12760072
15760029
60073434
12496637
115944105
18122061
73945587
16582258
119703207
23466771
43454002
53639730
15024361
17836094
11976505
41645517
18829299
16995889
110293795
107410918
13526548
9693638
13931007
18261469
23765871
66007552
54958703
64446758
23464438
111044324
47713773
43261008
58819477
36319616
79783716
47713317
51377394
63682392
16189812
12117856
39020997
88017908
10958950
61090179
115122519
119580557
72678857
107139502
43454434
16830787
17808146
129969581
47713362
75628694
41645504
35062953
112989352
115122543
101995270
10322557
35532346
43454281
81510905
115476916
66432223
47906561
11401275
59638742
92475299
122925799
14715878
15355822
71471555
27234772
38286344
123046994
118484914
26562651
17836742
24608910
83266327
10591287
70835903
88623371
33651166
30230528
28861785
13056878
27691674
71856588
16357963
33112765
17992275
104888658
19117611
58819715
44770097
18224209
128078628
29675239
94012871
21436238
67499154
75214602
76826078
112376830
107278278
50098115
47906563
118145111
69580762
71618277
103922121
57994770
73945590
48218738
61478434
59037834
33651062
10322561
59639162
118369890
51377798
12759530
96798635
71856791
27691676
77632769
13225233
72864398
130071590
107686819
29674603
94425759
28563971
44910684
29347613
27234771
9693892
11163818
14716243
44910050
47712979
134928967
72269032
116290156
55187397
105446231
53639733
29869768
15024486
18675872
65789459
23632626
122123601
64894166
15518981
34369934
118259083
17808342
29674933
31269243
23466770
11976216
58819706
121894542
74380833
79013415
25434185
108642550
126294377
15641907
49668967
61681914
13335043
121775849
15989517
51377397
44770536
134430502
115236917
88814100
63834193
9693639
127322924
32086559
12759897
20508616
71057680
122345947
113234706
127718811
75419492
12600973
11079032
10518965
115726412
71857045
109943408
111762951
44910049
56988336
29674936
61232187
116398826
16995885
89000339
53639734
103726837
76421368
75214815
40945904
64447270
18427393
111995327
20752675
49270940
16995056
29868474
50965485
26841434
111763822
16189829
68988053
53639638
13057108
112129231
111875912
10293275
18674598
40796691
116064213
72864401
10865051
48219786
111763033
112493671
44472939
16069207
118258990
17808153
50704548
76421789
19207676
50704541
54345116
20752168
10722243
73945463
52410529
16994717
10468960
15857497
33651059
20223014
16994233
92116677
29519778
10958951
79979231
50097549
93196133
34891946
43798549
35406980
97391479
28198929
24742517
118144711
30229947
11334322
72864576
82473876
74110384
13056617
20751210
17442141
26841438
15024364
10957714
34891944
10008084
47550651
135823602
108112927
49668114
13057097
17996533
79600944
15024367
125533288
18138573
51377802
44174531
17143062
11489043
11974363
51999399
111875121
76826185
22282299
42870276
105631809
51160880
76421527
114781073
106724863
12820158
112253283
27691677
78623681
40945906
11976625
19207677
70836045
133962514
79394348
117118502
59639039
91196029
71856501
29519691
111763370
46191733
135242095
11577538
47905174
47713659
22905227
11780961
44910687
61879158
118977759
30230024
112864443
61879133
10723740
15643207
58819567
30230531
12917557
115122720
48218734
75214606
17836747
18829424
94627252
35781630
59862668
16704017
13335042
76072234
70835807
30413032
13056341
71857724
44174671
35247994
61681916
29347839
86846443
47905176
28564350
42177581
14944366
10322347
121894541
41645518
15857510
125439262
111995455
96994975
19118808
21577191
28370612
28564278
111875870
28198924
103155930
45814118
76421532
120147826
17836529
16456678
16189407
46372678
105790543
69580436
17143199
116526022
27691678
133672388
49488670
126294378
109178533
29872246
28861782
45312845
62913743
59221309
15025926
59038198
17992273
16706219
18261175
44174854
64447509
113814822
83075190
17141266
42736868
78250518
12496422
51377660
54606051
111995451
15988473
30413033
12759899
32409079
119221909
62913740
73945334
110068147
134430667
110434623
66007710
126486799
106326014
20076939
15644132
14716411
18829428
136500537
17994019
133043360
15985177
21883726
34891628
10722288
125533289
16187990
19802431
76826084
58404241
13225132
85443570
17994017
43058358
80760074
56988335
53639900
10077315
133195836
10591289
60456564
71857047
12496415
42870142
129837934
119580558
30230160
20509256
104707245
29872254
29869766
17996414
10958463
107829222
92294783
62073568
19626809
61232183
14716046
42870273
17141258
112253011
115122539
131572700
16187994
14944365
71471402
125020614
106182432
122123597
116290140
27235074
123947235
71857419
40066059
18226246
19208446
48219788
64206719
64447156
27234784
111875169
18674339
111763153
70636606
23938287
67898748
24098571
53451983
15774908
35942257
116290082
78250471
32253078
116174585
74380964
48899021
111762994
16582401
23632366
42870272
11079033
42737140
39892098
12759913
15184034
16347499
43058361
11576219
135903656
29043646
72035850
16828411
40245367
118259741
116174598
106572505
30059919
34891945
115122541
38664853
105446209
17723126
124555684
57790537
123047393
124033478
15759820
14759650
11577524
21033613
12601745
18266406
42737145
123047300
43454151
68986037
54958701
15515706
15758761
37384059
128838650
44770534
108642105
30921502
55973917
118846871
123246316
10371311
15026654
116525948
28861784
29674928
12759747
29675238
64447161
12117431
16706470
52821794
110067915
15024477
129037684
41133579
18674337
116525947
78416333
19209533
61479694
65581181
48064500
118259399
119701082
76421792
58819384
82689385
107550808
15988471
18226253
118258765
59862525
16994334
18425275
13057104
65364639
107549062
47713194
78826126
74583625
52821795
115354790
77235110
22022870
11334134
19802430
29347840
123349884
53842822
42870006
107826289
56573691
16994591
16827459
9771111
71857418
88017907
71471343
44910051
127425823
15310235
16186074
26715704
124899712
122345963
113234702
107139102
48064570
9693540
18427390
113586734
44910681
75009947
59221251
86646710
116997520
57176342
45313660
73945339
64446440
18675879
125136983
10293270
17721612
28732657
13225425
106572454
11576226
49488742
103922083
16995166
10958958
45312844
16456684
49488741
47713462
11334326
107957110
93054731
64206905
19117612
43454126
9155014
11334130
52821396
21033725
25607374
22905221
58819569
12820151
10604438
107957055
39539292
107957044
66007559
61879040
46190751
22732152
17141256
18261772
44910543
15184037
45987273
12057770
55785860
119221908
44910547
17295495
71618755
42376923
124132936
12496421
20639390
9935810
34531269
10723622
23120680
70835985
16357756
71857662
59038549
10788580
10958465
17143341
131476134
20223009
76826578
108376563
10008091
10215093
73945465
14761576
50098109
102948503
106862020
59038202
71856885
71057681
11401270
59639166
82088135
20368917
76826187
55785858
112493673
115122618
59221089
10008096
10322745
14716577
18425079
120254706
12759911
29519677
39891799
105261238
121296004
12209748
18425274
117581900
118371133
128602204
38664850
68702889
7577401
50097720
12117720
23632937
74380685
10370706
29872255
61226884
11401564
60456479
18266412
94233214
30230031
76239414
13225232
111763012
60073438
55187332
76420980
10322551
102192079
111529364
46372677
19340081
15644222
47713076
42177583
71471638
112129318
49117658
68985916
28563964
40245366
102377364
38286336
52192472
13056349
8774538
10468665
15642905
46372708
116290142
101419269
12497704
21033726
22022887
23765695
72035688
119933647
22023275
24099186
51767761
27011773
51589767
43454127
105261179
131393018
76239409
16189815
15184041
113944936
33316650
74110742
111529374
20896193
12209753
122924392
104302758
14715883
41825695
12820168
23119251
118258563
60456477
65129619
118369003
78036847
75854399
61478435
16994587
107139471
10865053
122123903
11401562
125020444
111763156
129969567
60257141
17143193
18907765
18675876
42575745
131903365
35531670
114064453
78826195
112129227
124801645
52821793
103354032
104707244
15758768
61232192
50098113
29872632
124133102
93638283
69168951
117791621
35062957
15515708
10467876
15024485
129969566
92855022
106572535
19117613
14716262
135903655
108113026
67499152
20896287
17836079
103726838
25226802
105627673
88623375
74751033
18138566
12759733
29519673
122123966
34892162
15515976
10454600
72269033
17295501
86250532
118369602
16582257
58819475
17297975
105261131
118259148
24098574
131112600
115944214
49488739
71472183
18907748
23120677
27235072
116398818
14944301
79600728
112864529
50097971
108376737
106862015
25607375
12820169
26091836
114285807
110910537
29519781
20896292
16077059
15144071
35407515
16357958
10322341
18829423
114656210
74110746
23119253
11163875
39364082
120039848
68987884
125987485
34011442
70194302
88221178
50097801
107412131
20896288
15642867
131393090
132208697
103544013
42177049
10468663
67074387
121069156
10723482
16994229
11974358
36319615
12117429
36118692
73709686
75010137
47904984
84256743
19176360
124671351
74751032
69580869
30727306
131296835
15988235
108516658
21433769
18226245
9935707
15988470
58201340
34892161
46372706
127568813
12601183
14716506
100487943
19117623
80760119
9771652
90582988
63115026
50704847
59037835
44174530
112494617
34891627
24742520
12601182
109427717
9654206
104514340
43058359
16077062
116997707
11688086
75214752
59415139
23765720
18533290
12497706
50965854
122236676
11488917
14560537
12601744
43454432
36630211
11401273
16347255
23119247
18261781
33651165
25435004
69168829
15025932
29872630
106725107
106456474
66432085
61232190
110560208
24098567
86250534
18224216
48496895
25607373
23632619
71206539
9694624
21333959
16069205
10215095
123947173
115354788
21033501
29348013
17836526
24256594
21577194
72268806
56786859
23765872
23054117
10293268
24099183
83663887
11334131
106724865
16187992
16068964
53639731
59039855
119107589
16995172
131199320
105631842
82473873
106456324
131107127
120491365
115023244
39020999
15644272
129734735
19481324
15760449
81317398
10958469
30921491
13056886
23054335
10862640
50704543
98112890
118144795
79979227
33651167
28563966
21033611
10518888
117239677
108641025
10008083
107826284
17143194
116064214
132806312
13225418
70417342
68985807
79013413
111763789
44174855
53639903
12406691
64894339
46372705
44174672
12117796
76421530
78416330
118258830
15988893
28563972
14716400
114902528
72864771
17837128
9693897
106456323
72268700
42870268
27691675
28066871
118144678
108242691
43260862
131112433
9843653
50505741
29519232
71857661
125136954
115848067
57176340
21334949
11974357
131572671
57399668
58819501
15024359
10077297
47713316
131995834
33112763
38126403
30558849
120948617
75009950
12209746
52192476
71057584
80938661
31444102
11334148
28198923
133558086
23938293
8542348
73073915
40362628
16080545
55335509
69580757
119701246
49271000
10518897
54345111
49270939
10723292
115237503
111529323
105790463
61232184
74110390
14715881
74583521
28732660
116754641
14944302
17992277
22732165
53236714
112493462
93054734
72268764
76420989
75214507
11976220
118370034
27011775
63834196
53236713
39021001
16705709
76421363
78250469
13056631
108515623
27551205
25435016
111763944
111763369
60456558
70835685
31764756
75009798
71618592
52821596
15857505
50704545
127022197
119701240
112864531
76239593
14227737
133465808
59039618
22732076
15988230
108641434
22732153
48496770
19945313
97750737
108641839
58819316
123947234
14227734
111875746
69580649
76421367
111763624
135331050
42177422
19312259
20223016
14715871
73945588
48219677
14716052
10516599
29869777
11577526
77436796
111875220
64206718
34892160
55542363
114527960
75854582
58201608
10468815
19117616
25434187
115726238
10469007
109676227
17297691
62491293
30558605
112494615
115848015
115023133
69168453
47713417
15030242
123947107
87234894
114404058
27011644
10958881
79600746
11401561
44770647
26402918
83869003
69580523
29872628
69580899
133871090
16994359
23466764
58633841
49666831
91584324
35406982
56988333
23466760
11036373
58404018
48696606
61090177
69168451
55187396
16357966
16187989
133775365
27406900
16830079
131107461
70835809
48218962
51377393
43260811
79013412
51377395
133043361
20508625
18224207
15988902
81510907
110434577
60456478
108515624
131995835
73282643
34370132
118259705
10722289
49488828
77235114
66432087
60073433
135624775
16828916
18261479
16830268
11489060
117351606
24889831
16189065
17721715
44910682
112864255
28732658
108113189
64680226
60257640
89000506
79394344
75010078
112863993
16582442
9343211
111762988
23464431
47713196
16582441
18226243
18674345
75215014
73282640
45987271
42177584
57399252
15026653
103544066
26562486
129141627
70835683
49488738
60073436
82301849
11976618
108516900
38840701
43058825
34531333
71618415
10862635
10591394
17837130
75628690
22732079
106572567
12057773
24257250
75010136
11334319
11334315
73073866
35532351
10322355
12356830
11489038
123046992
78826747
11162775
110434626
15758770
11334135
115726749
47101792
20508762
87614867
89196798
16189058
118369605
117677987
44770648
35781631
108516844
88814101
19176354
11489143
76072239
69992253
10077307
12209755
104302757
38286334
81317394
87234893
19340346
35062955
112864465
59639059
28861783
17295648
111763423
78250517
23334537
115121699
61232188
78826197
27234768
10370756
90998724
14715876
75628689
11036341
115599304
59863165
23632727
60073813
31101777
16456677
8888301
112129316
121191872
23120872
98112889
70416081
15024466
10322752
56185606
18266411
122568901
120609285
15518301
12057772
71856793
53639639
48496771
18144401
124450674
12759738
75215092
72864693
11401274
89196801
10518963
20896297
11780962
78250472
12496427
16705703
60073435
51999397
45812886
32086558
17723128
18261481
23120869
9772467
111875745
65129486
30230083
14944364
112376853
19208354
29347725
51589768
118259147
56567428
116874195
105790464
87424147
16357973
29519675
10723290
123047394
42575740
111529288
9713417
33799360
95429128
75854402
121296003
47713647
117581901
111278511
99126837
91196031
49926234
43454124
22732169
24742522
77235025
109555205
54769969
10723737
78826160
29674940
16830769
11489152
10468808
118144607
15642869
89000430
54770023
110065615
36837948
70835984
115122540
16994361
9655178
13225420
31908621
9693895
38840700
61226883
115726411
14761582
51589765
72864692
79979228
118144653
108641024
47550648
13057105
111995180
125347400
16830782
74380912
12497715
118030240
43799037
104707242
10516600
88017906
48218735
103544011
37911598
45812884
64447154
9693635
111763992
42870469
19337855
79394385
17297977
115236916
13821570
43454155
59639192
11974368
38474587
17143070
71857545
100487945
42376931
114902527
92294786
59221281
43058360
24099185
9694619
29519694
30727307
42871160
57791062
25434197
65580566
18674341
17808152
59639270
111044518
9694627
24608917
43799036
63115024
10788579
19118797
36630221
10468961
45617555
28198925
15518292
7442693
66598793
11333919
133672367
18266417
16994588
11334160
21333943
107826288
42376917
72035684
16186058
50505932
57994881
69371490
121894157
19210288
12406773
15355825
40245363
106725106
106456427
135624979
16995890
20508764
10370712
124555687
11163795
12917556
71057497
12760069
71471713
69790778
111763222
13334970
112130455
93841193
40796690
108917836
52821391
68702971
115847981
58404131
123657900
13145641
75628695
79600807
113110744
111044517
112737367
14716261
118258683
28066867
11576233
18261773
16994716
48219676
16994232
107686994
112864530
107278234
81317432
72864505
18425272
75629162
11488620
107686939
30921493
44472942
15030248
15760110
115848043
64893913
67898751
121894154
12759528
78036846
70417344
125439263
65129614
44174675
18260563
16830772
65364644
75009704
127802983
51377805
108376702
12706933
16080542
79600729
68702786
121191473
29674728
24099184
107551181
15774907
118259766
29225307
26562414
26261010
17297686
57176339
71471341
14759775
11780965
16995163
14716571
72678762
62237781
53842826
19176356
28564351
45617553
107829451
52192471
12496640
30230025
10862626
39172988
15026659
107957045
19340336
35407513
17143060
105631896
15774906
57176338
10077310
127570262
17808148
132118383
90002381
44910689
26562416
18674344
127905103
59221250
107278233
12209819
75628890
77632767
111044234
16357757
16077060
10862627
117582046
12820145
54345115
20639393
118369892
59415138
65129304
18224211
25607202
12117792
42177048
135331049
107410782
67194174
11976219
15515967
10723387
70416016
59038378
59038207
123046993
11488618
108113947
134335700
18139069
114285809
43927436
47550652
42870266
115847893
21702115
129037638
105261239
73709803
76422052
39719357
50097970
22514886
58404327
12706938
22514888
64894282
45313657
21033503
12209739
22669911
124671322
19337853
18427400
80365810
57399253
26261006
115121708
32795316
70416269
15985175
73709808
56567432
113111259
33112759
135331054
20509257
128482318
59039617
24742525
119580492
86646711
21577190
108515241
61232360
45313726
108641433
10604425
117582244
46757659
110796844
50704342
43651307
42026569
37384060
8953715
41305090
118256262
21334940
12406684
70193922
19312699
48219787
9545167
8431312
50965482
42575874
86846459
10723288
117467040
135624998
10958855
76421365
118368923
123149940
54606054
10723434
42870464
67499155
16705704
84471408
43927438
23632879
116754642
76826288
110068247
130780489
10322558
28370411
134043043
10322548
49488823
120491366
10722238
74110743
18224214
134238178
28564352
79783808
48696420
49668889
16068965
11976503
12406744
50097721
43454150
10371315
111529341
22905228
55785855
59037944
43260807
16077064
16582264
12117855
69371939
78036775
41461297
57399733
42376928
33651177
117239299
13433467
111641482
21334935
47906565
109555450
92116676
45490396
29347620
71057385
13695344
130395333
111529340
115122692
69371825
60257139
12601079
33112761
130998498
18261171
78826745
11974367
11334229
71471556
11576236
28563969
63115074
114781072
102948168
109298809
18676188
128280738
99331000
123149938
117581841
11577527
47713418
120254708
125136955
119454949
92855016
11577542
113234703
16830269
30230303
130263793
16703758
14716414
124244784
43454003
105446146
62073565
41825691
107686922
35247993
28732671
109427716
117909948
14689350
68702778
14759648
69580502
46191732
109676389
132424841
103544071
136101173
62237780
29519176
21436237
64680344
108376755
106182695
72864572
22514880
13056133
132625886
30229946
49488826
71857659
69790824
115944100
88814097
49666829
12496645
97543294
61682067
37018128
135903651
134042808
35406979
128715603
16357957
16187986
125020615
32911691
132118381
71206390
59039694
17808150
37557085
75010014
33651178
39892103
64894340
29519682
16069164
59038320
64206716
51160876
60073431
64447158
111763946
20368823
8160991
100487946
24098568
17994023
32253080
135523261
16357748
131296830
131296883
12356816
122925796
47904985
9693636
45617554
120039759
103922000
60882695
65129489
72268985
45132882
112376739
110068439
24742523
12209343
75419643
19339128
15144077
13057096
13145639
10322352
116174531
10469011
18533285
10322340
59221310
45490392
10958955
28861788
123046996
47713075
34892170
51160875
59037948
110067903
116754448
28198930
10008087
12356817
72864574
9693689
107007153
71471242
59038204
103727491
116290143
68986038
36118693
78623784
61232359
53451985
11488919
111641481
116754477
16456682
110796793
46894397
120376247
12117570
69168657
128836242
62700882
14227731
20076928
18425277
15760691
24608918
51378130
51377392
77235112
69168456
109815172
64447561
16995886
108795994
11976321
125245604
66216064
71471637
16704234
34011440
17836743
104514342
30727301
38474571
81317393
27234779
112376766
18829425
49488824
113110834
66598859
25226803
125757178
59863155
9843648
52821990
129037637
14716248
16828924
11976213
73282537
59639238
80760075
108376553
16357747
69169120
29043647
107278189
64893914
61232363
53031635
20896190
82881176
18425066
112376850
42575744
16357964
16069209
34710288
16582445
29519676
30558854
13417498
10862641
32911693
59862693
14759777
41305091
46757655
64447890
49666830
16189823
60257413
104302759
122805687
90395812
11489139
61090176
11488921
110671147
115122693
84256746
28564179
69168454
19312263
64447153
123747300
12496804
10958949
21433777
18122064
10293269
29674725
12759922
51377794
133043342
15985176
15760128
12601739
24742518
20508615
21333944
107411077
121659567
12496424
71856589
9654427
74110625
12117717
16582116
19340338
136500538
133043343
64447885
15519419
18138579
15774918
47712981
14716417
55542366
43058599
78623686
100678153
16705715
103922084
103727147
44910546
18425268
12759527
16189817
12496809
50965856
114179411
32795314
92294792
12759895
129617048
73945468
11334232
20896191
132625919
15024362
59638744
18226254
57791063
18907769
74380967
8818655
118144682
12759746
111763447
22282362
9935705
24256589
88623374
64447159
18829320
19210289
62073563
70417343
23765875
118258858
18225499
22282300
73945464
57399666
58404130
44910678
115599312
59415135
35942256
18425072
27011642
11976497
107826287
60257643
72678761
17295651
117240098
44911322
52822372
34891630
20368924
16081660
19312394
15030243
15519421
22732077
108642551
44770532
18139070
38286342
56567426
11489052
70415736
11577532
119703213
118369122
14716408
118258859
12209344
23120674
28861786
15515971
16703713
27406898
70194373
9654064
10591540
34891631
11688006
76421364
15030255
29872627
124036578
46757656
118370584
16582405
11163935
76421528
48218737
78623684
17141257
75628700
46191359
60073811
58403845
21334933
130179171
36491121
10293271
24099188
16705706
115476917
31587647
40945902
65580576
21033722
18426248
116526020
12496420
83663869
127022196
111529233
107410664
23054120
10215097
69992391
7389221
111408746
61479598
113700151
48218725
16994332
110066049
30230302
107139473
58819638
108113024
57790544
127322899
131572603
18138572
22282296
38474583
15024363
120612665
16705710
45132872
18674346
64447560
76421361
14689352
32409088
131296834
43454001
8369430
122236675
25607507
24257252
52822366
83075189
55187398
10453949
11163821
62238003
60257414
45812887
45814125
115023063
75628699
15355820
11688084
13056890
111762950
17996625
108112926
69790823
21174125
34011441
75629084
15895241
16704007
9226811
115236918
42870744
64206902
62237779
110434576
64447160
19312255
64446437
23464443
30230081
15644136
48218726
17295521
9693422
50097968
12356831
59639161
14715886
14715873
134238188
65581182
43454280
18907759
69371700
78416383
69371702
27406889
16068962
74583455
9228641
11334128
112493463
10723400
131572701
21436234
49926232
15024476
132625924
81317425
16704003
18260570
22147143
110066044
111763798
70636542
26261005
24462114
16081663
50704340
96026396
19176365
48219783
12496639
62700881
17994020
74750979
132625893
59039695
51160877
36630210
118144509
42870005
110796955
112737885
15184040
12600976
124033649
111875124
70416272
24608907
9654056
11688007
10322552
53842820
103726836
39539288
50097551
12057008
16080541
24608915
16357969
58202168
118718508
13225131
80160136
12406699
24256590
58201339
84471409
57399664
29347722
119933646
21333980
12760074
13526550
34011443
9771651
25435018
12601030
34531330
26091839
21569894
108113190
44329239
107686876
103543950
111763845
75214753
59037833
17996408
34531306
124036579
38286333
20753867
116398877
15989519
35247992
11334231
129734738
72268645
45814117
13056348
118144827
16189828
91768798
78826720
118145198
16357968
10958851
110796775
30230029
10468963
50097966
11488624
50704848
40245368
23119249
109815032
66007711
29519687
132208696
72035762
42870277
72678856
65581183
59038030
85651345
20368831
70636894
9655179
56185605
117582721
18675874
103921965
117909949
105083920
124450673
15518288
113234906
19209683
28066872
16582444
18533284
75009705
115237174
25435022
76826286
15989518
16347252
115848016
11163037
24098572
15515710
81510908
135624950
32911692
11334227
71857725
116398879
64895448
80760121
15985173
107007155
131393050
125643524
29872398
54344997
118030239
24889832
20639388
20368913
112737939
112864382
13433465
131296885
58201116
47904979
111875697
111159626
49668885
112989274
112131286
13821565
22147142
59038547
10469113
12496811
12209744
117678766
68985673
74110395
13695345
50704840
35247981
118259644
115236915
125020385
23466761
17808151
118369484
136500541
42376922
131572601
12601184
20508620
10167472
98112887
43651304
42870465
10591290
135624951
64680447
14944359
110178509
110067571
10469009
41461300
11334313
107278206
35781623
51767757
112253282
107550440
72417488
62913749
129498245
111995181
28563982
18266409
121894418
79783811
71857554
57176252
50704841
15030244
120491540
115726239
116526021
19626815
59220077
69790774
26091838
104514448
113474856
17994021
118144654
57399730
23632367
68702789
105446210
108376704
18224212
12820156
18427386
25607509
33799363
79394429
16582208
10958947
81102213
64012928
38286345
84055940
80938720
69371701
54345297
131903304
12117716
10518943
57790381
71471716
39539285
65129615
128482292
10215101
23120867
58633840
12601081
77235111
10958969
119701293
92294790
132118439
19626801
71206045
128182510
22732075
18674600
48218740
102948504
42870568
10468814
49926225
37018129
20077051
10591494
57790389
54345114
18495556
38286343
21436246
127322892
30230080
134042807
108113655
29519686
19312690
70835689
124033650
50097550
60073437
69168656
78623687
76421790
14716253
11489034
61090178
70636899
45313506
78826818
15355823
33112769
50097724
44472940
59038548
50333077
82088229
9654135
61879130
29868475
75628897
13225230
31269241
25435020
38474586
110796772
62237961
10723619
51999395
82088128
45312843
26715706
64894071
62073566
58819716
40362629
70417341
71618416
49668965
78036849
109052896
54606052
50097967
61879038
122236456
24098578
64447886
39020998
43798460
20509255
57399667
68985913
65364638
77235018
24098576
60257140
43058362
112131287
78826721
135027505
126818920
10958468
119701144
10370752
77632768
11334181
67691070
23632622
43799034
107551180
75854689
68079757
21033617
13225137
54770024
18260565
59220016
40796693
52821983
18426905
69168723
136500533
107686993
111763053
58819639
15760030
41645505
70836044
53639732
16582402
63297946
16456679
43927434
7581684
105446147
24608911
21174126
10370754
44174674
45132876
40586815
49270760
44910545
20223015
14716573
75215013
29519683
10468967
16994849
16077063
15515707
21033500
11488915
16068963
112864481
38474582
57596649
17143198
17143196
132806311
122444272
65581185
67194176
55187394
66432227
43798463
63682391
131393075
107410921
62073570
15030256
75419493
70836043
16828917
121544536
130998439
44175039
16188002
43927437
47906562
130490915
23765711
38474585
14944356
9654050
135624891
15760666
9693894
68284949
127125347
34011446
75628691
18224213
16077061
10865048
12209826
15519420
54769967
12759734
118367375
11334320
111409109
41825693
19117617
24099203
15025929
25607368
23053328
75854581
121778327
69371699
93196132
49117659
116754494
114656211
56185607
30229951
108516841
18426907
18260568
61232189
19312252
44909681
109943682
112737370
118371098
43260863
112376737
11334235
29519551
76239412
75419539
74110514
121778328
28564180
19208872
122013203
82088230
28066866
71857563
50097722
113700128
10008092
111763844
42870007
25607184
38126279
59220947
55973751
46372675
127905102
25227056
19176353
18829307
60073432
117678359
16995054
126403540
20751199
75009945
71471639
66598860
79600806
43799035
29674934
10371316
69371830
10862638
14689349
12406692
65580572
110065391
7936654
104106296
122013204
112129232
93841194
21334036
33112772
63482049
120835412
23054115
47713778
16582262
51377396
124555785
24256592
57790547
74583522
27235076
116290168
24256312
59220021
15760550
20751138
14715880
45132875
17143058
16456676
75214467
44329238
18829318
107139474
30413034
69580650
10215096
134928968
130899783
22732156
16081657
28732664
16186060
16081659
18427399
12406775
18138577
10518947
18427384
11333969
17143343
18674597
53031648
23119250
111763395
16706222
18139071
109555449
111763625
42871163
89000337
7864874
71618757
15024360
120609283
130263796
15355827
53031638
134238186
11334029
66859265
106182696
123046995
58201609
43260865
41825692
116174569
47362824
17995566
50097723
44910544
18425273
11036374
15310233
66007554
16347256
70416273
16582111
16189062
22282297
15026649
56786863
135139024
105083963
72864399
23632534
17143191
118369001
9935706
19208355
136101168
51377799
132118436
25607194
117582720
21334942
113815010
18426247
111875869
16704015
11401565
64680541
12820161
110068438
64893761
115023159
35062960
65364641
26562415
69168658
17295509
35407512
73709461
82301773
15857501
15030251
30921499
96994973
12117798
50333430
82301850
20752674
124671323
49926227
83460839
12356819
71471236
42737142
79013414
71206387
85851375
54606048
106182431
16582108
105627674
61232185
128280736
57399255
10788582
50333429
43798464
19118802
118258989
114179406
124899711
18122069
72035760
29043649
114902407
10591450
85073884
73709907
16186071
98537362
24889829
16347498
105790514
11489058
112864290
63115073
48064562
73945586
34531267
132118395
118259400
30230087
52821792
85073883
76420826
70636896
28564354
9772446
11577534
107686877
116169888
48696427
118258564
111529475
47362827
54345110
50704547
20223007
71856667
27011776
23632535
57399665
116174530
67194175
20509250
134335737
10518923
50965858
68702973
55785856
112129319
109943844
19312691
37384057
134335736
117240405
16068960
112989351
66432226
108376754
106182236
21033610
107139248
111875312
11857597
70417345
16189064
101419268
10958470
132625887
109814904
10591426
118593391
12057769
11222077
15024365
77038203
111044496
71857201
58404326
12496644
17836092
128078627
47713645
118258831
113944939
87819527
10468810
12209740
10293267
13225136
18261775
15024489
35781627
134722022
74380834
62237958
43927439
17141261
20368915
114899847
42870145
17996626
29872249
26841507
10591427
15857511
59638743
42870275
47713295
10862600
20509248
20751141
16187993
33651060
30230159
64447272
59863218
44770096
111529439
117582243
7384384
9626851
14716569
37201329
130678463
69371945
76421366
11401563
28066865
18225498
23464439
18676180
7740622
60456573
58201117
83460842
61879042
104888655
113814895
72678760
75214890
18426249
74380968
65581186
68702887
56185608
25607378
113700152
69168659
11488622
10591292
94233213
60456397
100870882
119701294
17143337
44770095
71618882
97205384
109052789
117351608
48064498
20508760
15518285
43260812
60257638
9693546
107410781
15895239
44174678
13225134
15355826
49669062
59221389
26562487
64447670
38840703
104302762
27234783
64447155
19626806
18495554
78036848
118258682
25434189
18266408
119580491
37018127
116169889
42177427
18675878
54769973
71471635
29674939
71057496
48218972
10518966
64680345
118144824
16582119
27235067
79979312
64894285
110910540
11488909
114285806
34370129
107686844
44910680
27406893
30230027
68284950
70415892
15518284
42870143
33112766
51589770
71857417
11688009
71618885
117238723
112864444
16830083
111763513
80938721
111763209
70415890
115122585
30921512
21333954
111762955
49488743
46191358
10467878
111763068
53451982
16703763
65129306
12759924
117678765
111875804
126083209
79600943
111159565
19208440
58819705
134138491
34195046
21702116
14944357
29872394
76422056
71057583
103544068
54345113
25607199
11333926
10958467
26562655
72035682
23632880
75628959
129617049
29872634
75629086
115023062
16080554
15024482
65581184
17721699
37018130
77810224
108242690
15759815
124671350
11163936
9654055
11334170
17295515
8653807
42026574
29347841
44909682
17295502
29519548
90998723
44770336
30558856
17141264
10518969
68079753
115944104
21333955
130179043
58633148
10604437
9772458
21577185
26562656
127716311
12117679
96798636
29872396
9473227
78826078
59037844
17808339
111875144
93638284
15355821
123448092
114898300
124899868
117791617
112737943
46192607
47713197
23054118
28564277
13225228
65581188
103543764
110068146
42177053
23632934
52596143
11488623
131687782
111763011
27234775
10371318
111763152
47904975
19481326
36837955
23466762
11333974
49488740
107826286
121659568
105446108
11489033
130678462
17143067
32086562
22669910
10453950
70416267
117239103
114064444
50704540
30230309
70416270
135624776
79783714
11489153
118259566
47550650
14716570
71618883
28370405
19208353
54769966
116639169
45490405
43454157
70194304
17297979
79979311
115847950
17442145
9693687
105083964
110910536
20223008
111763446
107006997
38664854
111763788
78416331
129734718
23120672
107829446
60074120
69169121
23334536
97543299
20223010
62913911
122013153
35942260
20890600
136597528
103543869
11333915
50704539
123149941
118145278
39891741
80160140
64680229
103921998
18144399
15026652
78036851
17143336
31587651
76072238
113814825
134539498
121191892
62491297
19312687
34710292
49271001
39172992
50097972
18224206
129837949
15760447
50704846
116174857
69580760
30230026
30230161
115023269
124555686
115848126
77436794
49926228
26841435
28564348
29675237
13057114
46191735
42575872
127802980
134539496
91942863
13056879
27235068
10518968
44174677
44472937
45812760
16187995
20077042
85851377
132504401
132625925
116997713
126403539
132966786
35406981
75854580
28198921
15144066
20368837
42575742
71471403
9935708
16069208
49669063
60073809
118368764
24608909
71471241
52596141
10518896
16995052
65129305
58404023
16705714
115726750
23466757
60456247
24742519
10518948
124801613
12406743
16189816
80569312
132208650
11163036
98339856
18674512
56988331
20223017
71618272
34891942
60882694
52821597
75628698
36630209
107828203
16081662
11488922
17996413
23632624
30558848
59639193
109676387
16337277
53639891
19117620
22905225
10008095
46894395
60456483
20890599
23632936
116526083
106572504
65580579
98926864
103727154
20890602
78036774
130395375
122568900
112129226
35781626
73709460
11576220
12601029
75419598
134628682
58404021
49669059
115848042
134138797
39021000
133465758
76072534
42870271
14944299
12759904
58202169
119816900
101045325
21174118
12117790
7981749
38286339
16705712
115848068
18139072
9694625
32593326
50332765
82473870
14715885
9704904
49488671
45490393
66598861
10468962
25435010
9655182
66216067
28370575
18676183
17837127
105623722
105790515
12820146
19209686
38474573
42870467
22147145
78416326
116525938
14227739
11688085
18907756
15024479
39891801
48218956
108641652
12496423
109815173
130586317
57399663
64206903
111529234
20076931
16337279
115023132
99126844
130263797
43798547
11036338
115847738
13695346
10322564
54345112
16189055
70194381
11163874
20896289
64680227
136597514
19312698
106456405
114527903
106572568
15024464
17836085
71472182
92662266
15758771
46588583
11489036
13056615
135624892
28370410
114780933
11576237
51160878
73282539
17141259
29868470
75214814
20639391
18829426
69580758
58819505
42870466
117582034
41645522
18427395
15519339
131393093
36491119
42177424
84055937
121191434
11222131
27234785
29872626
23632882
16994362
10454601
24742526
16994842
9654062
79394428
32795311
115847980
15642868
66859264
46588581
107007581
26091837
44911314
65580586
21436243
29043648
103922122
136597527
35532349
105446105
59038316
16077058
15518983
16187991
39719350
110178512
30230155
72678764
135624980
13417495
21334939
71057384
132966774
110293856
93841196
26715700
41133495
118368757
111875654
24256310
39539291
40066062
66216065
59038319
10865049
10468817
20508619
16703707
56786861
76422055
10468666
25607206
59862694
68985917
59415211
33651061
99330999
118369485
28370399
34531308
16357754
12057007
49669058
15515965
129734719
125136982
74110515
16995884
71857414
103727492
103726833
51377800
88623372
105790542
35781622
117239352
30230304
19208442
46757544
28564349
20752164
103354441
37911602
86646708
10518830
10518946
111763224
76239413
75854690
32253077
29347723
10518952
144868558
70416018
16189831
16703759
34531307
113475727
38664851
90217647
16704013
40245365
104303026
75419538
75009981
19209573
110910486
13526549
29674931
111159536
110910487
17295426
42575877
20368822
79394387
19337851
22514882
105261180
18427389
15895246
10958959
18260566
84055929
59221090
77235113
54770038
42870146
57176391
19626803
23464435
17295425
74110394
37911599
17836522
64447268
15758767
20508761
136206716
15774911
14578673
16357752
133871142
33651168
27234787
72035853
134430501
15515980
15857515
13056331
62491296
21334951
47101832
104514343
25434183
42737147
85851376
48696608
73709807
12406774
123844446
16994335
136005606
15760549
9694622
115726754
123947170
67499153
30229953
19312253
18829324
90793044
73709910
54345118
106023647
82473872
17836745
30921492
116874894
86041450
37201330
48064567
115122674
10958473
64893919
23466766
40586814
13056351
27551210
46757526
124357955
17996412
11163797
57994885
13056345
61232191
71618765
15642910
19209575
111529443
18674343
119701143
23120675
52822173
16830081
28563973
53842823
34531270
11974360
13056620
9694618
126193011
39172990
118259184
71857723
108376590
13225423
136101171
11334325
34531332
29519692
69168955
34891939
33799362
11334233
11974366
112864478
20751207
10723741
20753513
116874143
47101830
105790401
79783810
18260572
23938292
11489160
116398851
49117657
34710291
14442254
44910683
21334936
15024483
16830082
10370753
65129487
115122727
11489050
65580573
18426908
35247982
19626807
19312700
16069120
12706935
119933967
23334538
111875222
33479205
134431069
117239372
103354573
64680446
86426789
49926235
16828919
73945332
112864043
10215098
105261130
111044467
10722290
106572455
16582443
65789463
72864400
127125348
46191734
52821986
78826814
114902443
122345964
20368925
19337852
72864397
50333426
119107588
18674363
111763085
64894068
13056873
107278185
19118804
7577477
71618278
38286331
75010013
15642906
47713365
84660726
111763051
132894427
93054744
15144074
44174673
11688002
115597970
109814905
11334316
10958948
102539860
130178979
9654065
79783715
72864772
123349875
64895437
37557084
22514885
38126282
50098110
50097727
73709911
35406986
76826576
54344996
26091825
10958956
18261778
14139873
10167527
122562084
48696421
16830267
74110388
21569895
19340329
118258739
34892157
129037685
131476135
22669906
50704849
116398852
94012869
64448055
42177054
16357749
16582255
28564346
43651306
28564181
12601083
25607180
111159533
18425074
17297687
19802429
35942275
124357954
64894168
112864288
10866609
130899784
111875653
19481321
45313658
14759778
10518945
12209762
43454433
55973750
116173981
24256593
58200974
10215099
133672335
116398927
45313508
68702972
64895436
29869773
64893760
49488744
48496896
39891805
11976214
108376714
48064565
17143061
132118382
76420994
10322550
130071539
65580587
23938295
10370713
58633150
47713297
78826821
116755230
118370990
18261774
16189056
11489158
82473952
16189821
23053330
64446759
73945337
114404057
61879157
46588579
116174538
107826285
134430555
10371310
102748568
116525982
63834194
16830280
10370711
11222130
11222129
34195043
111278294
18426903
11488923
43454430
68526963
56573685
116874144
108917903
115122520
59639163
23119246
50505931
21702120
18122060
71471243
12057771
75854687
30059920
116398895
112737940
103727457
29348014
16703703
134430554
15515968
29043656
47905180
18427396
24098573
48696423
20509249
68079751
74583456
70636768
46190785
13056628
38664852
32795315
21334035
116525939
41133498
125882529
84856203
12497714
33799365
60257416
38126274
23120868
117790962
133385434
121778173
111278510
12057774
56385443
25607204
108516886
115598115
110065392
15030265
28370577
8382034
74380966
17442140
14578678
117909085
111995452
42177045
71472180
12117675
47362828
62237960
116525962
18675867
30229958
21883728
59037848
79394345
81102216
13056616
19117618
21433772
40066061
130780491
49270942
58404206
109815034
29519684
71057498
52821598
135720700
115475856
44909678
79979230
15760109
96026395
15641906
41645511
7942064
117239351
122562083
117238730
23054331
116874893
133465757
10322344
134628683
110910542
16582207
12917558
12209743
15515966
16995051
131572600
102377363
11489059
64893762
75628697
51589769
131107462
62913914
57399662
7882732
51377391
9771661
11488916
14759779
17295423
57790656
102948169
113700153
12057775
118259185
125347461
54344995
12356825
23054336
108514794
11334234
59639125
110068248
114902408
10591429
21334934
38126278
92662263
11079036
10077314
119580969
120718162
10322567
132294157
33316653
27406892
10322568
69992395
131112601
118369891
25607197
17996406
12496806
58633151
43261006
113945188
13417497
13225424
113234717
82301771
17143069
130998438
33651171
101995269
50965483
23632465
19207678
43261003
132702410
118718507
112737330
11857596
46757542
19339130
48696425
115122542
34195047
14761586
105631807
19945311
60882693
48696424
71618884
35781632
76239411
28563967
38840702
131296829
112376790
23632536
14716263
130395374
20077044
35407514
10722235
50097973
15025925
134539493
123548313
14944360
65364640
13056132
35062954
10370755
18224215
134043039
133871091
132806354
18138578
121544535
78623682
91398761
40586813
13931009
18266413
73945336
107828924
20076929
95025055
107549395
52821985
15774900
110293916
45311960
18425070
22147140
42871161
10865050
58403841
65129616
11401272
81706795
75854397
126818922
64893912
9663774
71856500
25607201
118259028
16994845
47712980
16456681
14716244
16347502
27861268
70416268
21334944
21033502
94627259
108242436
59415212
127322900
20751200
52822368
62700885
64206820
46372707
74110392
9693893
59038551
51767759
17836536
29043645
51999400
22147141
30230533
23632370
75419702
135242130
109054798
59863216
115726746
12117718
118258799
30727314
19176359
29347727
45311959
125757181
95025059
31444100
25607510
132625892
15030261
14716508
50097813
78250473
61879132
104888957
17808147
127718809
63115018
126715909
10866607
42575875
10591519
39891808
53842825
71618596
23765878
52822174
29519165
16994598
63834199
52192473
30230085
9654057
10469010
56573687
55785857
111409111
84256748
13056882
112129474
75419698
123246317
15774903
52822369
12496418
63115019
62700784
25607372
48218727
18829322
16357755
18260571
129837933
117909086
111763991
19208439
57596654
16830270
103156442
11780967
11974369
107006998
17297688
118367292
35532350
75628895
129498271
82473877
11334219
131199321
98339857
122123904
10862634
51378129
9772429
20639386
97205385
44174857
12706940
12406772
11334318
136693670
18674513
17442143
11333923
103921964
136398265
17143197
79979407
35406983
63682393
22022872
15643205
58201121
19210287
17723130
131903303
16357967
18425060
17836531
50704339
107278205
116398824
19340084
104707106
34531334
118255292
54345109
15144054
106862017
44770535
43454004
121778174
7830581
103544069
68702781
122444273
71471709
107957109
46372779
129141653
17297684
15760446
15760665
10077316
29675236
29225310
131393092
111529342
110796794
10322354
114898301
121191435
20076932
30230022
9693421
18426251
106572534
24608914
47713660
132294127
16068959
59415210
42737144
111408735
106724968
49926243
16704240
7577328
45812880
17141267
118259767
31908627
39539289
75628958
22905226
111408603
11222013
44175041
46192605
24742524
134238179
131393017
14944300
33799358
20751206
71206048
135331053
115847933
39539284
108516660
49926233
24889840
20751201
47362709
62491298
51378132
50097802
11334125
102192078
107829030
81317391
60257274
117677986
14716572
105623728
71857044
68985626
15518281
70194303
16828922
11222132
42177063
66007557
111875792
10008082
18425266
59863219
10958854
18907747
108515240
49270941
94832363
11688005
109052792
17143202
108917904
111995450
23938294
19176357
14716257
19481320
75214466
112376831
116290157
132625847
22023277
14716040
9654063
135242094
111763514
112864527
118144510
54606053
54770026
62913741
20509258
15518302
128836239
48219784
28564279
49270999
10370710
131393091
68702888
77235020
83460841
10370760
16830275
115023212
10453948
12406687
23120678
88017905
29868476
69371562
25607367
15144069
59220948
115943969
69580756
36491120
32253081
25607508
74380894
10322560
42737143
56573696
15184039
11488619
75628693
59639063
118255290
107957072
18427398
59039619
59862527
11163819
69371489
107278235
50097552
61226887
125347460
20077043
121775850
13057107
50704845
11976311
63834195
49668120
118144796
44770651
15759817
43651305
18674338
46588582
47713643
16994718
22514889
132294156
26091856
11976623
123947110
27551204
72268758
15024484
15760553
9843651
33479203
13225229
9693420
124132935
76826188
19312393
120491539
10322571
103544009
59221311
62913912
117239678
112863992
26562485
48218728
9693634
69168950
9772444
73282538
46372674
47362784
45987269
39172991
10453946
62491386
61479596
10723448
14716260
70416271
123844447
35531675
29519689
114064431
59038051
108376713
126294371
25435005
18122068
108376552
108641840
116525963
82473869
30229957
51160882
22023274
20753518
12209345
110910488
8691555
119933968
111763054
61682068
108376736
12356821
112864289
29868472
70415886
39892100
38474577
77235017
17297973
43798548
132625920
24889830
107829445
62913745
29348009
133558085
16704016
14716574
44910679
118258798
71057499
75628893
118370919
30230300
17721716
10591518
12496638
12497705
85271269
100081245
58201119
118145277
79600643
60074119
53031636
13057100
28564281
27235069
101995267
55335510
116754476
15774909
111529474
60670232
44472941
133287944
114781012
107278277
70835902
108917864
69371703
15144058
107139472
125882528
25607187
10468820
71206540
27234782
105790403
106862004
46757658
10077305
103543577
72268647
23765709
73073914
69168825
14761577
94012870
10371317
103726831
124033475
70836046
11576216
30727303
62913744
13057109
96636927
15774915
130071540
133962513
30921500
109178506
18224208
84856224
16582256
16706223
65789458
23464437
14716413
19176362
8211920
116398780
119933798
82473959
29519546
115476918
11163876
16830276
12117648
135523229
55335511
47713363
107410663
35062961
70636764
64895439
12820144
22023272
42870269
41461299
35407517
29519171
132894426
95619041
114778448
73709684
66216069
40945905
20752673
69168836
16347258
15760129
11488626
12356822
25607198
41461301
81317427
75628892
132208654
12497708
111763568
101808421
37911595
14759776
107550439
14716410
74583453
30727482
26562648
16069206
15518287
11976498
107007580
50097969
46757657
73709943
100870879
49271003
109427602
12117432
54770025
19312689
110671149
60073430
24256309
50097719
29347720
134043038
41305092
45814115
118371131
45132873
26715701
15024475
15024473
10322345
35531669
30413037
18225500
105261177
14715875
132208651
107957043
115847952
115847895
10958852
130179046
121434745
22669907
70636483
16357962
12057011
113234905
59038197
21334937
12117434
47550649
53639729
134138490
49669060
30230028
113700185
30921495
73282638
45987278
11334228
77235116
67691074
20076940
135903650
43260809
11488918
16994848
115237176
48218736
10322748
38126272
12117676
14716575
59862670
17295427
49270758
61232361
10723676
11488627
66007709
75009949
118371395
59038052
36837950
108242435
59037838
130395280
115726241
120609284
21333960
38474584
131112605
44770533
16995165
44909677
36630216
111763154
110560213
83663888
23632368
12117436
110067569
65789460
16995158
18261480
33651058
117582353
19208352
10862642
15515704
18674599
135625062
9693545
62913748
112376791
71471712
46757654
76239592
74380593
28370574
10167470
17836084
100081246
22023270
112737941
115122538
23632728
97948667
97948668
56988332
12600974
80569313
71206542
49669061
122123965
106572322
59862698
136693655
48696654
111763210
39539287
10322351
117581842
76826287
49669064
16706468
24462113
73709942
128182509
69371941
96239591
35062958
10370786
68987883
103543581
18122066
14716247
111995453
42737141
28370615
73709687
71857206
15988238
81706794
125643522
64448052
59038379
15643204
42376918
122013152
17295503
75854688
18122058
16830773
111875793
38126280
17723065
59862748
29043657
14560539
119816901
29869906
60670235
16994333
70416079
23632533
77436793
16080546
14039188
55187395
18260569
42177423
29519169
40245323
55187330
134335677
107139101
78250470
16994230
12601742
71857660
13622649
51160879
45311986
119335414
71057388
76421531
12496643
16582209
116755229
68985248
87234892
110796891
106724969
76421362
131393051
52192478
70636607
97948670
43058600
57176390
107829223
12759900
10518922
37557089
25081543
10167525
133871143
12117674
32911694
58404019
69371487
16828920
18427394
15988240
118369274
63298138
26402915
117467037
70835704
17836527
12497710
79783717
66007560
29872631
44910542
17992274
51377388
53031637
11036372
10008094
112129228
70415737
110796953
52822175
15644040
11976617
62491294
16830781
107686845
60074121
19340086
34891941
115122619
29519170
25607207
71206043
33316646
16081658
43058357
109555586
64894165
12117677
61479597
45812885
111044490
87424146
74380893
30727484
40362627
75854398
89196796
111995344
96433083
12496808
71471405
58633147
21333949
104514344
30229960
13056134
77810223
22669909
48696422
12759537
18495557
15760444
122444339
12209742
9655176
129376036
29674527
70636765
14715879
29519547
74583454
11976619
9654216
103727458
108917835
74380965
69580861
59639269
127322891
17836542
15758760
89000431
12760073
15515709
35781621
10591717
27861269
22732155
127716309
121191893
66598794
115476915
18261172
134043045
101232964
30413031
10322559
48496898
59038032
127227435
16706458
29348006
19209674
19626804
71471342
48219785
15988472
15184042
11334321
15988234
110293915
112864253
43651313
16995888
10591533
10322744
34369933
49270761
80938722
20368919
17143201
32086557
43454005
131476133
20368826
16828915
11222075
29348008
65580590
60257412
38664849
15144073
62238004
34891949
118370648
15519338
10293277
58404207
118369123
36491116
23632935
16186069
107139475
61232182
44770101
47362782
111995472
35532352
118369604
25435014
65364642
111763566
16995053
73709912
17141265
14716041
125757180
112737938
8264395
10723402
63298032
119933799
48696610
15988896
16828921
13695342
117240404
115597971
115943968
26562646
34892171
86846446
23632621
23464430
20368821
64206822
16704018
43058584
15515700
37384056
41461302
28370398
44911313
16994719
12496807
107411079
19337854
16703757
45490394
21174124
11976496
29348004
54344998
111995269
136597557
44329246
108113760
79013411
10591719
12821139
33651063
16830770
73282540
28370403
10591520
19340340
11489159
9694616
50097800
14759550
122444342
108113654
115023160
105261178
90395816
74380683
100678154
82689382
74583626
133672336
48218723
26841508
91584323
59863159
110796942
33316651
111763422
76421882
30727480
25607195
10469008
133195838
9654051
36491118
43927433
136206717
47713193
24257251
114656052
127322922
20753511
73709908
108113945
23053329
11163877
24256311
110293857
116174566
52822365
27406906
112864480
17143192
116398781
70194035
19626802
117351802
19176350
50704542
106023648
10958960
117790963
108516887
42575873
131788411
17808343
50332763
134928997
130998446
10322746
59415137
10077296
78826816
9693544
37911600
69371491
35247983
47362825
18139078
44329240
28370576
103543951
114780967
67074478
36837956
11976217
57790542
8602159
94425761
63115069
110796843
39891739
37911596
111763835
25226804
126193012
71057683
55542364
49669065
28198926
23464436
44329245
16705708
47713416
129498270
16706220
33799367
12117571
109943409
24257255
115354624
19312692
9267840
112989297
135331047
33479204
63834197
20753510
46372778
126193013
9693542
20368827
123448090
49666828
16456680
59039696
121069155
115726240
29674932
70835680
60257138
103354031
21174127
19210285
10957715
115847871
123047301
18266407
72035849
29519690
16337291
47712978
124244743
104888960
114179410
21433768
16582403
124450696
134829737
45987277
112737324
118259081
132806355
68985915
12601185
59639240
113111260
50333068
65581187
35247985
74110385
29347614
27406909
76826394
25607371
69168953
75629153
111763582
20076941
76826289
76422053
18261771
12209741
15184036
11334314
68985247
68987740
123149939
104888662
47550655
60456559
134722137
17836744
48218408
118593390
82301772
64447887
27011774
88419679
112864381
71471634
131199397
16357956
12209495
51377796
19209677
115847884
125347398
131199396
38126276
44329236
106456469
75854396
136693671
18138571
92475298
74380969
91942880
128838648
85651347
72268938
71471636
60257142
91943018
59415134
30558593
75854401
97391473
73945338
14761580
63298033
106572323
79783812
44910677
39891812
48218409
12759743
56185604
19481322
59639037
79979308
71618270
63297947
12600975
76072237
34710289
118369887
11488924
18426914
129257876
20751198
44770093
33799368
88221179
85443571
35531678
116174858
44911310
15644223
123657901
27011777
120376488
20752167
117118503
26261014
17143340
29674604
45313724
119580968
49488668
29674929
14944361
40586812
110910538
20508612
71618764
18675871
9654059
69169119
113700187
60456245
60257639
71857217
19337856
12601746
11163796
129376037
10723436
16081661
29519234
17994016
12117857
132504400
108796235
44770341
23054119
16706466
10591393
12209817
65364643
19209574
95619040
34370128
71057585
107549059
97750736
116997519
69168724
24099207
64680346
76422057
71857416
30727305
17995565
59037943
19626816
20508759
29674726
74750969
10468811
18533287
132208653
74380913
100081247
69580647
71857556
34710290
33651172
17141262
10591395
12601084
57596651
63682389
111875698
69371824
42376919
22023271
9654424
13057110
21333946
133775396
56385452
20896291
34370126
70194171
61232362
9693891
14759774
54194586
104514341
16069160
52410528
33112760
62913842
16994231
15760034
15026661
70194305
13334969
24462110
11976655
15519047
44770100
48218732
130899750
116174539
114781013
42026572
11333971
16347257
34531305
104888657
59862697
25607369
78826817
75009703
61681918
72035518
57176251
107829449
15024470
42376950
18226247
117678361
38126273
12601740
20509253
32086560
13526551
44770537
50964771
39719354
40362626
112253009
42871162
16703697
70194170
77632766
19312395
51589771
41645494
17996411
124037785
18674596
108516661
135625085
61879039
18144400
20076933
18674511
21174122
103354443
41133577
10518953
66007848
23765868
76420985
12759535
10370707
106862003
131687786
17996631
48218955
18426256
14716043
107828507
118145110
78416334
10322742
25434186
119580559
45987270
88814098
28198920
15144064
16337276
15758762
23466767
18260564
11488925
22669908
127980567
52822370
42376926
75009946
75215091
12117791
20368916
124899730
17836525
25746344
54958704
11780960
18139068
18495559
29347726
111408601
15774922
9433652
69371559
111529324
118370585
16189408
85851374
83266326
78416328
59639127
127570259
21334037
42376925
12406683
17297689
118370650
12759536
103354057
57790344
27235066
30558607
133195835
44909690
118370035
18261174
61478437
135440228
11334317
92116675
61681920
19312396
73709806
9693896
23765694
10468965
9693688
29869765
29872633
23466763
12209815
11333970
27861272
15989525
15355824
58404240
114285808
123548306
103156443
21033724
50097559
18674602
62073569
57994884
9693890
9693548
134238149
122925797
72035680
20509252
80760118
80160138
111159629
46372777
18829429
10516577
113945187
46588578
127425822
78623688
113110836
18675873
30230032
16189809
78623685
77235115
12117858
36630212
71057586
115944103
18426904
16830080
107828204
59037836
21174123
30413039
65789462
53639727
104303025
10591495
10077298
128384181
13225422
69992251
25227057
17836746
78416382
18425085
21174119
107139249
70835905
53639895
59639065
45814114
70194033
33799369
13622650
32409075
15184038
108242729
46372704
96636923
30229959
47905186
27011643
50704544
29225308
30558850
75419777
44174676
74110391
129498246
12759893
130395279
11334221
78416332
59221155
118259027
43261007
71857046
18426258
35781628
10591716
47713296
18224205
11976316
18425271
84256742
79600745
63298143
118369606
58819389
23765867
17836538
47362710
43454279
28370409
36491117
106182235
112130801
17996627
125020384
10077313
107686921
43058587
73709805
118259740
107687033
16187988
12706937
56573690
21577202
59862749
63298034
14716256
14759549
15857507
35062959
34891948
53236716
29519672
108516901
45813028
18261468
103155929
11976222
64012925
21033614
96636922
39364094
64446436
11976317
124899867
34531328
76826575
10604422
15184035
104707105
110178200
103354056
78623783
120609288
30558851
14759647
11079040
76826079
45313507
10518894
29872155
14139874
97948666
45311966
46372776
123047040
43454431
125533122
61478309
13417496
10468818
9694626
131687781
76826082
107550811
112253332
134335701
104707243
22732154
130998445
15144060
24256587
73073865
71618280
64680230
76826081
39892099
14716568
29868469
14716265
61681915
18907749
17836748
108917865
44910686
71857213
78826158
118258616
52596140
34891938
34195044
51377797
40066060
118144748
61479695
15989520
59639237
132702414
112864479
58633149
29869772
17295424
30230156
65580589
132966787
13334971
135331048
14039187
120376489
70636482
58201127
11489154
81906194
16188001
114527900
10215100
18260567
30229955
11976656
18676190
116639170
12759912
29869767
131572602
77038205
10516601
136101167
26562417
100487944
48064496
36837947
44909695
23119248
113475719
69580501
35942258
20639392
65129488
47713198
42870567
18425270
136500544
18425078
13056624
15895240
65789464
118259567
20368834
69790822
10591718
133775395
17996410
47713774
132894443
10862629
11577535
10518980
28370413
20639389
28564353
58819315
70636898
72035521
60073810
24099187
35062956
70194172
34531266
38474578
39719353
21433766
75419783
12759538
57790539
118977758
27235070
12706936
71471238
44909684
10591425
130071589
23054338
58201118
17143059
50097553
61226886
15774901
31908629
81102214
19209534
110178198
20752671
13056328
30727312
16582404
10322563
111762993
116754495
57399731
42870147
61681917
47362829
40245325
23464432
11488628
47713195
79394346
30230084
17721701
122805688
84055941
70636771
23464556
60257277
15025928
54345108
10468809
26562422
19802428
25607188
18266415
70417346
87614863
112253331
9654058
22669905
118256261
44910548
15026650
19312693
10322750
116526085
23466758
71618267
113700150
19337848
56573686
42177046
46191736
12356824
14715882
35532348
17996630
17996628
129837946
11163842
47713078
18225505
75010135
12356829
16706464
134928998
134829732
112129230
45813108
11576232
12759902
67691071
62700786
18261776
60257641
125533121
79600981
79600982
7686000
39719352
71206389
7577456
59221191
95429127
61478310
100081248
16188000
94832361
18261474
9693690
131788361
24256591
17836524
108516659
9693637
10723291
10723444
29348007
127425679
71471237
114901605
10604428
53842824
79979235
113815011
69168452
18674510
15760548
16357750
28564178
111764053
20077045
59220078
42575741
106724862
76420968
37911597
58404020
80938723
12820159
111763834
26841505
118258880
52822367
111995473
15024463
45313505
129257875
17295421
107550438
19312696
91768797
18427383
12706934
118145199
44770649
114778497
111763069
75628891
73282541
64447884
30558855
16994228
10518964
108641842
127227434
82881265
16994858
109054799
54770021
53639728
113814820
15642870
12601738
9772428
73709804
76420982
69580434
15988228
7402764
9771663
104707072
39172989
11488920
119454951
46372676
12601741
106326235
16357972
9843649
10591715
135523227
10518927
124133100
66007708
45311987
10518967
44770099
19945312
9693547
60074118
53031639
66007555
17836741
51589764
31444101
29868471
13056327
12496414
31101776
111875805
10722236
33112762
114656051
117239102
76072235
118144710
23334535
11688087
17992276
43260861
28066869
12057009
70415896
11489155
83663870
71057684
10322562
56786862
12759732
74110389
12496647
10866608
59039853
16995162
80760120
118371101
20753515
104514447
112618530
64446760
16069161
118370583
43651303
114780932
95834049
75009982
44770098
15644042
23765874
23632623
18829290
18144398
17808336
23632881
136005608
12117719
40796692
81317426
109298808
64206715
109178532
66216061
118369002
29869902
14715877
90582984
66432086
13335036
93841192
122925798
16994720
70835983
101995268
39892101
19117621
30413035
14715884
125987484
121434739
19339129
46372703
111409296
18226248
59039854
12209752
109555587
10591293
19176351
9693543
120718163
16995168
109427603
43454156
70835986
17442144
18138576
17723064
135720699
115023270
26091829
79600644
112739244
81906193
52596139
39892102
118370966
10322747
118258617
17295422
18122065
116526023
15144056
45813029
48064497
25746345
10591496
71857415
23054116
11976621
9069402
105631843
17721698
19340339
12117854
113814897
65789461
112737887
14761578
14227735
16187998
19339131
50964770
42026570
69168826
117582352
59038380
107957073
128384180
10862637
72035686
135625000
111529291
15988232
21433767
51378133
16582263
15644190
11334224
26562421
127322921
22669902
111875908
66007850
60257143
126605602
32593323
17723063
10958853
111763585
25434190
43651312
41825694
64894069
12759905
109178507
16080540
115726751
10591449
57790657
23120870
101808418
72268942
16830777
133558103
49926231
133385433
23938296
118258763
28370614
17836528
47362826
135139025
12209496
119701078
102748569
17143066
64447507
10591714
24608908
115122676
79600809
74381078
10958879
64206904
17995564
33651174
118258741
57994768
28732659
111875145
115598878
61232186
71471345
15144068
115023211
71057382
60456243
11576231
11333972
11976215
111408918
19481327
47713775
116398817
59037846
17836091
19340330
120039844
59221282
42736871
16347259
112376765
69580435
114899848
21577189
61479599
96433082
50333069
18829292
61232193
19340087
15760067
17721704
23765873
111995456
79979233
15988236
59415208
16069162
16704002
57790538
26562488
123747301
50332764
15643206
74583460
116874196
118370929
109555448
19340326
69790776
88419677
20368839
24256313
103922055
112739242
50964773
44174856
15025930
25227058
39364085
46191725
11334236
20508622
48218943
19208444
15988895
76420976
16080548
115598877
70835805
15030252
102539861
18907751
74750970
124450697
82301770
53451984
64680538
117239373
38126402
16357753
36837954
33651170
23765713
112864286
46190755
18426250
43058601
115122700
70636767
10469006
22514883
10604439
22282360
19176355
106456406
10518944
18138580
14715872
122345948
116174484
116174483
7782085
10604423
18260573
82881177
16705705
25746346
18225503
11489035
45313659
20753865
56786864
16456683
22282361
17996629
17442142
16994592
132625888
128715604
47905177
120147827
47713361
50704341
13056888
42870270
107278160
76239410
64447888
12117795
115847934
18427381
106724864
76826080
72268701
70835808
30230158
107412133
43927435
25435019
44175038
89000338
43454435
16828918
29674729
23464433
68985381
19339127
12601743
23632620
19481323
19208351
69580648
27861270
8087957
118367293
106456428
19337850
111763052
104707103
68985808
12760077
16189409
10322346
126294372
16703762
108641654
86646709
76420823
135625060
18674347
58404328
12917555
23632725
68526968
25081546
79783712
45312842
10469111
47905179
54194585
114778447
18533286
12706941
129141658
14716266
36837952
19117619
48496772
25607182
40245364
11334129
19337849
105623721
110796895
82473871
97750735
96239592
76072236
79600808
11162776
44770361
17143335
24462111
29869903
64447669
116754447
21174116
110796943
80760073
115237502
26562657
16069210
18427397
118144746
37384058
72864396
125757179
76826579
16704235
11577528
116063795
69992252
70636605
17837129
33651173
18425276
10591499
12759745
19802439
132294124
10077311
44910685
52192477
28066868
72035687
71618756
71471240
16705707
28370611
11334324
48696609
17994018
8320573
11488625
16994843
22282298
70194168
41461295
91398756
17721700
131393074
30059923
19118803
62491299
86426790
15184033
87819542
109052893
67194178
123047041
26091847
11576217
23466768
45132878
49666827
105631897
12117649
75009799
22023280
27406896
9694620
136597515
56786860
116173982
46757528
20753514
19210286
116398928
21033615
116290083
101612339
10008093
7340936
124555786
107687013
42870008
24889828
131788359
16703761
78623683
113110743
51767760
31764753
33651169
67691078
59038203
110065614
15760031
16994580
16706368
110293917
122924388
33799361
10865055
131112606
15644189
23464559
58201125
73945335
9654061
11486602
109943681
111764054
111409297
70193918
49926226
32795317
16080544
74583457
11222080
53842819
76072233
11780963
10518978
75009800
48696651
14759646
112129229
53842821
75009801
11486604
29868468
16347500
69371827
10591291
100870883
134238148
45490397
77235121
10518893
12209492
41645506
19312398
110796840
44770337
133672368
42177044
16582210
115848125
104514345
12759903
12209757
105083921
74380594
9694617
7341006
10167524
17996532
134722138
72268983
59863217
12759532
44909680
111159568
42177582
12057010
24608916
15989527
17996530
39539290
100678155
46588580
80938660
115122699
47713646
106326015
118259643
59639064
64446763
10518962
18675868
131476132
44329237
16187987
58633838
51378128
64895438
10468812
78826815
76826396
19117622
115847868
129969580
10468964
10008081
15857512
45132880
134539494
116398894
11576230
91398757
116398867
126920168
130263795
55973749
16830778
59221154
55973918
12209747
9694615
23119254
39892097
118371394
18224204
11577531
120376246
17295500
114902444
27551208
91943019
42870144
21333958
108376589
132424843
131687784
18261471
10167469
98926866
132966773
126486800
128482293
48218729
30230023
111875910
41305093
71471239
20639387
112618531
35531671
19176364
70416080
20508623
15519046
111762985
63298139
74381084
134335674
75419599
53639735
135823600
128836240
118144605
12820164
15515703
10468966
73709685
52821791
135242129
92116674
19340343
86041449
17143068
10604424
108113759
15644271
35942259
70636609
24742521
43651311
47713077
122236454
124033648
68987742
41461298
16582267
73073917
71856886
16704008
72268807
47713648
111763797
128836243
50704843
29225306
21033723
47101793
121894416
116525983
20509259
62913841
13225135
103543871
18122063
10167473
40362630
21433770
10371312
17723066
11576234
29674938
50332768
8470197
134430559
18674595
53451981
75010138
32911695
10604430
53639726
77632772
48496897
10008085
129141628
29872395
43261004
72417487
117240097
76826395
34370134
69992254
17836089
69580867
11222011
23466756
71471707
68526966
118145090
84256741
10788581
12209827
60670233
34531268
32593325
11489147
107828925
54770022
10518829
44329244
17297683
11334030
68987741
39539293
47713081
53639896
23632372
18138582
131107126
107550441
46191726
18425083
13335038
17836102
68987882
15895244
25081545
45313725
120948616
68988052
59039856
64206818
118846872
15760032
70636541
30229945
12601028
27406890
43058613
105446230
19481328
47713644
45812761
19207675
104888956
96239590
12759909
29872629
42575871
74110744
54345296
19626808
29674524
14689351
12209814
30230079
119335412
24256588
115598118
16994840
111763397
45813027
45812888
16347503
13225133
14321303
116398868
124244779
13225231
60073812
43454006
90217646
75009948
14716259
11334173
103543763
16703756
11333922
10591288
17836086
11334323
120612666
9694621
21569892
114778496
10723397
12406681
59639241
30230078
19312269
62913913
10516602
51160881
21033504
131572672
51377793
18261173
31587655
132118394
42026573
60456396
78036845
61232358
18225501
15025931
61879129
15760689
103544067
12601181
27861271
128482319
55973913
10723342
75628692
59037949
49488667
23466759
24099189
23334539
45987272
36837945
16582400
39892096
44329241
16186068
16706221
51999401
45812759
112737937
20890601
19209571
31587644
35247991
12759534
136693659
59862696
11036342
10370757
18427392
125643523
15758769
10077308
37911502
61682066
10370750
57596652
59221189
75419644
66007849
33479202
23464560
69580522
131393094
16189824
17721609
12820165
69168450
33799359
70835686
73945333
133465807
110796841
86426801
54344999
60456244
21333961
56988337
83460840
30230530
110796845
42870743
27551206
48218407
58404022
95834047
104707096
42737148
29519168
73945589
29674727
10454598
12759896
132625885
43798462
67898755
10468959
62913742
130490914
124801614
28198932
71471554
64446438
17836530
106862016
107686820
13334972
56567425
21433778
62700788
23334542
111529375
51999394
107007390
44909679
82473874
111529365
55785859
43651310
144868559
34892179
24257253
111044468
30230090
108514793
63682390
15642908
34891626
25434184
36630218
135624849
78036772
16994582
39172993
12117797
12117789
64894163
52822371
41133496
19312686
39364093
111875909
12117793
10077303
126605603
49668888
103727145
27011772
107007389
42871156
61478436
30727304
112130466
38474574
66007553
27011645
76422051
44911311
110796890
109555204
53236715
42871159
106325799
124801647
30558853
71472179
40945901
56573684
10591428
126920167
135624850
49926224
30230306
42871158
9011457
80938772
15895242
10322756
111763821
123947043
48064499
29872245
16069121
96239589
29347616
44770094
33112771
13931008
15774914
115354625
65581180
62491387
122444302
13056340
20751139
7384229
47713079
11401566
114179408
10866610
59638745
23765706
16347254
135625084
108642099
12496803
58633839
72864503
7892656
21033499
133775364
45813030
50704844
116290167
115122586
113474857
130395334
15774923
62073564
9655181
59038321
11976315
76826526
66598795
131112435
34195045
10604426
135027503
78826127
10322342
25227059
59862669
132118384
31587645
13056626
76826186
15024469
114528095
22022871
117351801
52821984
112130802
73709909
64447271
108796238
42026571
41133497
48899024
29674941
39539286
18122059
103544070
29872154
10865052
35407516
64447508
19118801
31587648
64447157
21436239
124033476
59862526
43798546
33799366
78250478
67898749
111875311
89000503
12820160
14716037
134138799
30230030
19802436
109676226
11857598
21883725
71206541
36118691
15895245
98537336
107828504
123947039
62237778
135440227
44911312
22282363
25226805
106326236
23119252
122444304
29674956
46190753
24256314
120835413
66007561
58403842
41461296
132625850
23464564
12406682
12820147
110796889
10322339
76826397
101045286
67074386
118145088
14944298
59039698
11334151
26562645
15760551
57790343
46192612
90793042
103727158
18266414
63482050
75009702
20751211
12117794
70636769
48218411
43058595
15759821
59221390
45311963
60670234
47905175
26562647
134430668
31587650
16830774
12759533
48496773
111278295
15857518
57399732
115122583
118258881
26841509
30059922
103922054
20223006
115847885
119580560
15030253
44770338
17143339
9771110
12821138
118368922
16994581
118367376
64447269
43058826
15895243
12356818
114901604
115726744
9693549
114528096
107549064
66598796
64447267
20896290
13056627
94012873
12759539
14944363
31587641
10723343
91398759
52596144
135523260
111875168
27234774
21033612
11334230
17836520
55187393
115847737
39891813
15030254
51767758
84660725
56573688
107278232
20639385
116290139
39719351
109943843
10516580
127980566
127425681
18674601
120039760
87234891
110560207
126715910
18829323
39364090
97750734
10958856
19208873
25081544
43651309
40945903
15515974
22514881
16706459
16347253
107549058
64893763
21174115
15774913
11780966
15310234
12759531
118484913
17996531
23632464
64894283
110910485
38286340
115475855
39172987
70194169
110293799
12496641
110910539
81102215
125987486
66432225
74110626
55542368
56988334
24256315
52596145
9935809
32086561
108641841
42177425
73073916
62913747
17295646
19312702
23466765
107278161
58200972
82881264
25435023
18674509
